# table produced by mapDamage version 2.0.1-10-g0a7fa27-dirty
# using mapped file - and 000_prefixes/Pi_nucl.fasta as reference file
# Chr: reference from sam/bam header, End: from which termini of DNA sequences, Std: strand of reads
Chr	End	Std	Pos	A	C	G	T	Total	G>A	C>T	A>G	T>C	A>C	A>T	C>G	C>A	T>G	T>A	G>C	G>T	A>-	T>-	C>-	G>-	->A	->T	->C	->G	S
*	3p	+	1	6247	12451	16312	14859	49869	125	72	74	167	25	26	63	115	74	128	29	56	0	0	0	0	0	0	0	0	42
*	3p	+	2	14272	14314	9787	11494	49867	103	55	62	180	30	28	21	64	48	69	29	34	0	0	1	0	0	0	0	0	38
*	3p	+	3	12609	10983	13456	12820	49868	97	53	66	187	19	24	40	41	44	53	20	40	0	0	0	1	1	0	0	0	36
*	3p	+	4	12321	11764	13401	12385	49871	99	47	72	177	16	22	25	32	38	32	14	28	0	0	0	0	1	0	1	0	36
*	3p	+	5	12304	13017	12634	11913	49868	82	43	63	189	28	23	21	25	27	34	22	29	0	0	0	0	0	2	3	0	35
*	3p	+	6	12863	12166	13073	11759	49861	64	33	91	201	20	17	13	24	29	32	10	24	1	2	2	1	4	3	1	4	33
*	3p	+	7	12598	13054	12523	11685	49860	72	39	79	171	22	14	13	16	31	35	10	24	3	3	4	1	3	5	3	1	33
*	3p	+	8	13336	11715	13731	11082	49864	68	41	89	181	13	16	22	20	30	25	12	28	2	4	1	0	5	1	0	3	30
*	3p	+	9	13594	12483	13276	10512	49865	61	53	90	171	11	26	25	21	29	29	14	18	2	4	2	2	3	3	0	2	28
*	3p	+	10	12368	12944	13367	11184	49863	74	51	89	173	17	13	23	14	34	25	16	19	4	4	2	3	1	4	3	1	27
*	3p	+	11	12225	13103	13186	11348	49862	56	35	58	200	20	14	17	23	18	30	12	18	4	0	0	5	3	2	1	1	27
*	3p	+	12	11873	13353	13066	11568	49860	54	43	87	161	26	18	31	16	27	24	18	24	4	6	4	2	5	0	1	3	25
*	3p	+	13	12066	13040	13278	11479	49863	56	45	63	158	18	18	20	25	20	27	15	20	4	2	2	0	2	3	1	1	23
*	3p	+	14	12135	12827	13486	11417	49865	44	46	70	169	35	18	11	13	30	18	23	22	3	3	1	2	1	2	1	0	22
*	3p	+	15	12329	12979	12931	11341	49580	56	37	101	175	26	13	13	22	25	21	11	26	4	9	3	0	3	3	1	1	20
*	3p	+	16	12121	13029	13493	11217	49860	64	42	66	166	22	16	14	13	31	14	14	16	2	0	3	5	4	3	0	2	20
*	3p	+	17	12120	13134	13323	11284	49861	52	51	79	172	21	16	17	16	23	31	17	14	4	4	3	3	2	0	3	1	20
*	3p	+	18	12211	12884	13222	11550	49867	71	46	73	196	23	13	14	14	36	32	19	19	4	4	5	4	1	2	0	2	19
*	3p	+	19	12241	13051	13283	11288	49863	64	40	63	173	18	12	16	15	22	23	6	22	3	3	1	2	3	3	0	2	19
*	3p	+	20	12121	13031	13367	11341	49860	66	40	82	170	18	6	18	19	21	20	13	12	4	3	3	3	5	1	0	3	19
*	3p	+	21	12085	13118	13090	11559	49852	59	33	82	160	22	19	13	14	17	28	14	22	3	3	5	5	2	2	4	3	19
*	3p	+	22	12127	12920	13124	11658	49829	54	38	70	164	20	8	22	15	18	20	11	17	1	2	2	0	3	2	2	4	19
*	3p	+	23	12103	12799	13305	11658	49865	50	46	90	163	17	17	16	26	24	25	15	15	0	1	4	2	3	0	0	3	17
*	3p	+	24	11971	13078	13062	11741	49852	43	42	62	181	25	15	10	12	29	18	11	24	2	3	6	1	6	1	0	4	16
*	3p	+	25	12198	12908	13201	11523	49830	62	55	87	154	16	12	9	20	24	25	16	22	3	4	2	3	0	4	2	3	16
*	3p	+	26	12183	12997	13024	11635	49839	49	39	68	156	16	15	13	15	25	25	9	23	2	4	0	3	1	2	1	3	16
*	3p	+	27	12132	13016	13061	11617	49826	57	52	62	141	20	15	9	11	21	13	16	18	4	6	3	0	1	0	1	0	16
*	3p	+	28	12183	12919	13081	11617	49800	52	42	67	157	12	15	6	18	35	17	4	12	3	5	2	1	1	1	0	1	15
*	3p	+	29	12002	13099	13080	11595	49776	38	46	76	148	19	15	12	12	29	19	14	25	2	7	4	2	3	2	1	3	15
*	3p	+	30	12131	13038	12779	11778	49726	50	36	73	167	23	24	7	14	27	18	9	20	4	2	4	1	3	1	3	3	15
*	3p	+	31	12002	13097	12800	11840	49739	54	44	76	142	16	13	9	21	18	16	8	25	4	2	2	2	3	2	2	1	14
*	3p	+	32	11976	13156	12998	11590	49720	49	40	83	147	17	15	15	14	29	20	9	25	4	3	0	4	1	2	1	0	14
*	3p	+	33	11975	13069	13004	11652	49700	40	46	78	133	10	14	7	10	28	21	10	22	3	3	4	1	1	3	0	1	14
*	3p	+	34	12127	13086	12957	11496	49666	36	50	75	158	15	10	10	12	24	25	10	21	6	3	0	3	2	1	2	3	13
*	3p	+	35	11870	13229	12983	11524	49606	48	47	84	176	19	9	8	15	21	16	9	25	3	2	2	4	2	1	2	0	13
*	3p	+	36	11962	13050	12855	11661	49528	42	43	65	127	9	11	13	12	17	21	4	12	3	5	0	3	4	0	4	0	13
*	3p	+	37	12115	13136	12688	11499	49438	37	47	73	130	16	12	9	8	17	21	9	22	2	8	1	2	1	3	4	1	13
*	3p	+	38	11871	13044	12700	11709	49324	38	44	62	144	24	10	7	24	19	9	5	16	0	1	4	2	1	2	1	0	13
*	3p	+	39	11760	13238	12617	11579	49194	47	38	68	142	12	13	10	12	18	15	10	17	1	4	2	2	3	2	3	1	13
*	3p	+	40	11962	12825	12668	11577	49032	36	34	67	130	14	19	9	13	16	12	8	16	3	0	1	4	1	0	0	4	13
*	3p	+	41	11754	12975	12793	11319	48841	35	37	74	147	11	11	6	16	18	20	8	29	1	4	1	3	1	1	0	3	12
*	3p	+	42	11802	12854	12384	11588	48628	41	37	76	124	13	16	6	13	21	26	5	21	8	0	1	3	2	0	1	0	11
*	3p	+	43	11555	12574	12602	11639	48370	46	39	61	149	14	17	11	9	17	18	12	11	3	2	3	2	2	0	2	2	11
*	3p	+	44	11521	12835	12302	11422	48080	39	45	69	129	20	15	11	14	12	15	10	27	4	2	1	2	3	3	1	2	11
*	3p	+	45	11444	12634	12258	11428	47764	33	39	46	112	26	14	15	17	13	21	11	13	3	3	3	2	1	0	3	0	9
*	3p	+	46	11570	12333	12229	11261	47393	39	47	86	124	13	14	16	13	12	21	7	24	4	5	2	4	1	1	0	0	9
*	3p	+	47	11254	12291	12209	11225	46979	35	42	58	152	16	16	7	13	16	13	15	17	5	2	3	3	0	2	5	0	9
*	3p	+	48	11242	12288	12004	10971	46505	34	29	79	114	15	13	14	11	17	22	8	20	1	4	2	4	1	2	4	3	8
*	3p	+	49	10995	12022	11743	11247	46007	41	40	51	117	9	6	4	16	15	22	7	13	5	6	2	0	4	3	2	4	8
*	3p	+	50	10953	11998	11753	10801	45505	36	39	63	104	15	12	10	19	18	18	2	23	3	1	4	3	1	5	2	4	7
*	3p	+	51	10853	11839	11317	10984	44993	38	53	56	112	10	13	9	9	15	19	6	16	0	1	3	3	3	3	1	1	7
*	3p	+	52	10621	11794	11239	10775	44429	32	35	57	122	15	17	7	8	11	9	8	19	5	2	5	2	2	1	2	2	6
*	3p	+	53	10579	11669	11057	10542	43847	29	40	59	108	17	17	9	9	18	12	4	21	3	1	3	0	1	3	2	0	6
*	3p	+	54	10584	11309	10818	10506	43217	28	36	66	120	20	12	11	11	6	19	7	15	7	0	8	1	2	2	0	0	5
*	3p	+	55	10183	11220	10786	10347	42536	36	41	45	118	13	10	7	11	22	18	6	19	1	3	4	1	1	1	0	1	5
*	3p	+	56	10174	11003	10659	10088	41924	35	40	41	92	17	10	9	11	14	10	10	15	1	4	1	2	1	0	1	0	4
*	3p	+	57	9922	10866	10446	9981	41215	31	40	49	101	5	18	7	14	20	20	4	22	3	2	2	3	0	2	1	0	3
*	3p	+	58	9728	10553	10307	9891	40479	31	42	58	98	13	10	9	9	9	10	3	22	3	2	3	2	2	1	1	0	3
*	3p	+	59	9569	10511	10059	9616	39755	30	34	47	72	12	13	4	8	11	14	8	18	6	1	2	1	2	2	2	3	2
*	3p	+	60	9487	10376	9662	9509	39034	31	30	54	93	11	12	4	15	19	9	5	17	0	6	6	2	1	3	3	3	2
*	3p	+	61	9399	10150	9652	9100	38301	30	37	38	77	18	7	7	14	17	12	6	19	0	2	4	3	2	0	0	1	2
*	3p	+	62	8971	9989	9643	9002	37605	31	29	53	93	12	8	5	11	11	13	7	17	1	0	4	2	2	2	0	3	2
*	3p	+	63	9028	9589	9270	8985	36872	23	30	42	72	10	10	6	4	10	14	11	7	1	1	3	1	3	1	0	0	2
*	3p	+	64	8737	9591	9057	8740	36125	27	36	46	73	8	11	7	11	15	7	9	11	1	0	2	2	1	0	1	0	2
*	3p	+	65	8443	9375	8892	8624	35334	28	31	42	88	11	16	4	10	7	10	9	15	1	1	5	2	1	2	0	0	1
*	3p	+	66	8345	9070	8676	8505	34596	25	28	42	85	12	8	2	12	10	15	7	15	2	1	4	0	2	1	0	1	1
*	3p	+	67	8217	9044	8475	8211	33947	23	28	48	76	7	8	5	18	10	13	6	9	1	0	4	6	2	1	2	2	1
*	3p	+	68	7996	8603	8457	8166	33222	26	30	36	76	13	12	5	9	11	16	5	15	2	5	2	1	2	0	1	1	1
*	3p	+	69	7858	8488	8188	7948	32482	36	38	34	73	12	11	7	13	11	13	9	12	1	2	2	3	1	2	1	0	1
*	3p	+	70	7670	8387	8030	7668	31755	27	31	44	71	14	6	5	6	12	8	7	13	5	4	2	1	0	3	0	2	1
*	3p	-	1	6317	12601	16299	14909	50126	127	70	69	197	30	42	86	100	74	119	35	54	0	0	0	0	0	0	0	0	45
*	3p	-	2	14068	14451	9966	11638	50123	94	44	78	150	37	25	39	79	26	69	34	33	0	0	0	0	0	1	0	1	42
*	3p	-	3	12530	10982	13597	13008	50117	101	58	62	200	26	24	40	43	37	53	19	35	0	0	1	0	4	1	0	1	39
*	3p	-	4	12509	11896	13497	12215	50117	88	50	79	188	24	24	25	36	32	31	21	23	2	0	0	0	4	0	2	4	37
*	3p	-	5	12322	13137	12636	12024	50119	75	60	76	185	30	24	27	32	33	27	21	34	2	4	2	1	5	1	1	1	34
*	3p	-	6	12989	12169	13127	11832	50117	75	42	64	166	27	22	22	28	23	29	12	18	4	4	4	1	3	2	3	2	30
*	3p	-	7	12554	13161	12632	11771	50118	78	46	67	198	24	18	17	21	26	27	19	23	1	1	3	0	3	1	2	2	30
*	3p	-	8	13312	12066	13809	10928	50115	86	35	72	180	20	22	13	20	25	26	16	17	3	2	5	4	4	1	4	2	26
*	3p	-	9	13495	12525	13463	10634	50117	59	42	78	177	24	15	23	14	29	37	13	17	2	6	4	2	4	2	1	2	24
*	3p	-	10	12326	13075	13321	11395	50117	63	45	86	182	26	17	18	23	36	40	12	20	1	4	6	4	4	0	1	2	24
*	3p	-	11	12145	13258	13340	11370	50113	68	37	85	203	17	11	18	19	33	19	17	23	2	4	5	2	3	5	1	2	22
*	3p	-	12	12044	13136	13336	11598	50114	60	47	79	166	15	19	23	17	27	24	11	20	2	5	5	5	1	3	3	2	22
*	3p	-	13	12183	12960	13434	11535	50112	45	35	81	161	23	14	13	22	21	25	11	24	4	6	7	4	5	5	2	0	22
*	3p	-	14	12295	13051	13304	11459	50109	57	55	74	167	28	19	20	20	17	28	12	26	7	3	7	4	2	5	2	4	22
*	3p	-	15	12297	12965	13112	11467	49841	49	38	72	177	19	16	12	16	26	17	11	21	1	4	3	7	4	3	4	3	22
*	3p	-	16	12251	13067	13296	11497	50111	56	38	69	178	22	17	12	17	23	27	8	20	5	5	1	4	1	2	3	5	22
*	3p	-	17	12112	13130	13442	11435	50119	65	46	87	201	12	19	12	14	33	28	10	24	2	2	1	4	3	1	2	2	22
*	3p	-	18	12181	13028	13323	11579	50111	50	34	80	170	20	10	9	18	18	25	13	22	2	3	4	4	3	2	3	2	21
*	3p	-	19	12260	13162	13296	11397	50115	60	34	74	156	22	21	16	15	20	22	13	16	1	1	3	5	4	4	0	1	18
*	3p	-	20	12208	13140	13350	11415	50113	59	39	71	178	20	16	12	15	17	25	17	23	3	4	3	3	1	5	0	1	16
*	3p	-	21	12065	13302	13239	11495	50101	55	48	82	149	22	17	10	13	24	17	13	24	2	4	2	4	2	2	5	2	14
*	3p	-	22	12212	13044	13274	11541	50071	46	29	78	155	19	11	7	30	21	22	9	32	4	6	7	4	6	4	4	2	14
*	3p	-	23	12208	13176	13060	11662	50106	49	40	73	156	26	19	19	17	20	18	16	20	4	5	2	1	3	3	2	3	12
*	3p	-	24	12075	13198	13109	11723	50105	44	50	77	170	16	16	12	15	26	23	11	15	3	5	5	1	4	0	1	1	12
*	3p	-	25	12121	13015	13213	11727	50076	57	41	61	176	25	20	15	20	25	22	24	20	2	6	2	1	0	3	1	2	12
*	3p	-	26	12158	13237	13228	11468	50091	40	42	72	165	20	11	10	16	19	11	9	16	2	4	2	4	2	0	1	2	11
*	3p	-	27	12064	13287	13110	11613	50074	48	43	70	150	12	14	17	15	27	23	8	15	2	3	5	7	2	5	0	0	11
*	3p	-	28	12186	13080	13164	11629	50059	48	43	78	159	20	15	5	12	30	32	8	32	5	3	4	1	2	3	0	2	11
*	3p	-	29	11984	13154	13192	11709	50039	47	45	78	150	14	12	8	15	29	17	11	30	2	2	2	4	2	3	2	0	11
*	3p	-	30	11899	13201	13006	11899	50005	51	50	71	139	19	22	15	12	31	18	15	23	4	2	0	3	6	0	0	0	10
*	3p	-	31	11952	13189	13069	11793	50003	65	36	68	154	21	13	10	18	25	19	5	25	3	2	0	3	1	1	1	2	10
*	3p	-	32	11993	13216	13191	11576	49976	39	51	84	142	19	16	7	11	20	17	13	18	3	3	4	3	2	5	2	1	10
*	3p	-	33	11789	13316	12947	11894	49946	44	55	70	130	17	25	11	13	16	19	5	16	6	2	2	4	1	3	4	2	10
*	3p	-	34	12045	13074	12984	11801	49904	45	43	58	140	17	21	4	20	21	25	4	22	3	6	2	2	2	2	1	4	9
*	3p	-	35	12083	13246	12834	11662	49825	57	45	80	163	17	16	9	19	7	23	9	25	4	3	4	2	2	0	5	2	9
*	3p	-	36	11732	13147	13007	11869	49755	37	48	78	141	12	8	9	10	15	32	11	16	2	1	2	3	5	2	1	2	9
*	3p	-	37	11904	13142	12883	11721	49650	36	43	69	138	15	9	9	13	14	20	8	15	7	1	3	4	5	0	1	2	9
*	3p	-	38	12061	13126	12805	11549	49541	35	50	82	160	14	19	12	17	21	22	11	22	0	5	5	5	1	1	7	2	8
*	3p	-	39	11797	13152	12686	11772	49407	43	34	86	137	15	14	7	20	19	16	9	21	5	1	2	2	1	4	3	1	7
*	3p	-	40	11844	13074	12732	11615	49265	45	51	63	126	17	22	10	13	25	19	10	22	0	2	4	0	2	2	4	0	7
*	3p	-	41	11817	13081	12484	11695	49077	37	37	72	124	10	15	17	13	24	25	14	16	8	2	3	2	2	1	0	0	7
*	3p	-	42	11714	12981	12619	11532	48846	34	47	64	151	17	13	10	10	20	16	10	27	7	3	3	3	1	2	1	0	7
*	3p	-	43	11692	12745	12557	11571	48565	36	47	60	142	14	10	7	13	20	11	13	22	3	0	2	2	3	2	3	2	7
*	3p	-	44	11463	13108	12287	11390	48248	36	43	76	118	18	12	11	18	21	17	8	20	5	3	2	2	2	6	2	0	7
*	3p	-	45	11602	12651	12219	11440	47912	44	37	67	141	19	12	11	10	22	19	11	26	3	6	3	1	1	3	2	1	7
*	3p	-	46	11429	12464	12331	11322	47546	45	53	56	136	14	15	9	12	18	11	8	21	4	1	2	1	1	0	2	2	7
*	3p	-	47	11329	12362	12311	11109	47111	50	34	58	122	14	16	12	16	20	13	6	18	2	0	2	5	4	3	3	0	7
*	3p	-	48	11283	12409	11849	11148	46689	32	41	66	111	11	11	11	8	16	7	13	19	1	3	2	2	1	2	1	1	5
*	3p	-	49	11044	12058	11908	11160	46170	44	43	57	110	12	12	8	13	18	15	10	20	2	9	2	3	1	2	1	4	5
*	3p	-	50	10922	12175	11673	10871	45641	24	39	52	142	18	14	8	10	20	13	9	15	3	7	2	2	1	2	1	2	5
*	3p	-	51	10668	12016	11485	10920	45089	38	48	67	135	8	12	6	10	12	19	6	21	4	5	1	5	1	3	1	2	4
*	3p	-	52	10825	11660	11368	10708	44561	38	39	62	105	13	10	5	17	18	15	7	20	0	3	4	4	3	4	0	1	4
*	3p	-	53	10618	11598	11239	10468	43923	28	50	60	103	13	9	5	4	17	16	9	27	1	1	2	1	4	5	1	2	4
*	3p	-	54	10247	11411	11054	10578	43290	35	41	55	106	18	10	7	10	20	16	8	18	4	1	0	4	0	4	1	1	4
*	3p	-	55	10297	11157	10877	10321	42652	33	38	56	104	10	13	5	10	16	10	7	18	3	0	2	0	1	2	1	2	4
*	3p	-	56	10044	10993	10873	10050	41960	40	39	52	82	12	10	7	11	17	13	19	15	0	2	2	3	1	0	0	0	4
*	3p	-	57	9949	11048	10115	10150	41262	27	49	58	96	9	14	10	12	15	10	9	17	1	1	1	0	0	1	0	1	4
*	3p	-	58	9733	10373	10561	9847	40514	30	40	66	106	8	12	6	8	12	12	8	16	2	4	2	1	2	3	1	0	4
*	3p	-	59	9687	10519	10093	9567	39866	26	47	44	113	13	10	4	6	15	13	11	20	2	2	1	0	0	2	1	1	3
*	3p	-	60	9341	10481	9780	9549	39151	25	32	43	92	12	13	2	13	16	17	6	25	1	3	0	1	2	3	1	1	3
*	3p	-	61	9327	10085	9748	9247	38407	40	41	48	82	16	12	4	12	15	12	5	13	1	5	1	1	2	3	1	2	3
*	3p	-	62	8947	9993	9588	9105	37633	32	52	48	90	11	11	10	7	8	16	10	14	1	1	4	2	3	4	3	3	2
*	3p	-	63	8793	9685	9496	8913	36887	24	32	38	73	15	11	11	10	18	11	5	23	3	1	3	0	7	3	1	2	2
*	3p	-	64	8720	9453	9163	8787	36123	30	40	51	78	8	14	11	14	9	13	5	24	0	1	1	2	3	0	1	0	2
*	3p	-	65	8518	9275	9021	8564	35378	30	28	35	68	9	12	7	5	16	13	11	19	4	3	2	1	1	0	1	0	2
*	3p	-	66	8318	9184	8558	8584	34644	25	33	45	63	9	15	4	10	14	13	6	23	3	1	2	1	1	2	0	2	2
*	3p	-	67	8137	8881	8477	8368	33863	33	38	43	73	16	6	8	11	11	13	9	11	3	3	5	1	0	2	1	0	2
*	3p	-	68	7993	8658	8417	8043	33111	23	33	39	73	8	8	9	11	11	14	8	19	2	2	1	2	1	1	0	0	2
*	3p	-	69	7710	8447	8076	8083	32316	27	37	25	65	16	7	6	12	15	13	7	13	1	3	0	1	0	0	1	0	2
*	3p	-	70	7612	8344	7893	7807	31656	21	35	33	56	4	14	9	14	19	12	7	11	2	2	0	1	0	0	1	1	2
*	5p	+	1	15388	17503	11166	5815	49872	49	61	104	55	26	16	27	43	12	24	16	13	0	0	0	0	0	0	0	0	30
*	5p	+	2	10780	9333	14753	15005	49871	36	70	80	80	19	24	10	15	13	24	5	22	2	0	0	1	1	0	0	0	23
*	5p	+	3	12885	14104	10488	12390	49867	48	61	56	90	30	14	10	27	18	20	10	23	3	0	1	1	0	1	3	0	19
*	5p	+	4	12406	13560	11699	12192	49857	51	48	60	101	20	13	9	20	18	25	12	36	3	3	0	1	2	1	2	1	19
*	5p	+	5	11863	12766	13009	12228	49866	38	54	59	118	22	14	13	12	18	14	8	22	0	3	1	1	1	2	0	1	18
*	5p	+	6	11997	13164	12067	12641	49869	34	52	72	121	15	27	8	15	15	20	3	23	4	3	2	2	1	0	2	1	17
*	5p	+	7	12214	12679	12705	12268	49866	42	49	82	108	14	15	4	18	11	16	2	16	3	0	5	0	2	0	3	2	16
*	5p	+	8	11066	14104	11304	13387	49861	28	56	63	123	20	10	12	7	17	19	10	21	2	1	4	5	2	3	4	2	16
*	5p	+	9	10791	13436	12288	13350	49865	16	43	81	147	7	14	3	8	21	17	4	21	0	2	4	3	2	3	1	2	15
*	5p	+	10	11332	13722	12690	12125	49869	32	42	77	114	16	17	11	12	17	10	4	20	3	2	1	5	1	1	1	1	15
*	5p	+	11	11445	13443	13171	11807	49866	39	62	79	126	13	14	10	21	30	19	9	18	2	4	0	2	5	2	0	0	15
*	5p	+	12	11835	13352	12937	11746	49870	38	40	84	100	15	8	5	14	20	18	11	20	0	5	2	0	0	0	1	2	15
*	5p	+	13	11677	13444	12669	12075	49865	31	45	82	120	15	10	12	12	12	24	9	21	2	1	1	3	1	2	1	3	14
*	5p	+	14	11303	13610	13098	11855	49866	33	46	82	151	17	11	6	14	14	11	13	26	2	3	6	2	1	1	3	2	14
*	5p	+	15	11663	13396	13006	11739	49804	37	47	87	137	8	10	13	13	12	16	8	12	2	2	6	4	1	3	1	2	14
*	5p	+	16	11696	13591	12748	11830	49865	41	48	75	138	14	13	9	13	11	14	12	19	3	8	2	4	3	4	1	0	14
*	5p	+	17	11620	13344	13117	11790	49871	30	32	75	123	16	16	4	12	26	10	5	19	4	1	6	1	0	0	0	2	14
*	5p	+	18	11726	13579	12756	11803	49864	26	39	68	128	12	14	13	10	27	19	8	23	7	3	1	1	5	0	3	1	14
*	5p	+	19	11819	13302	12795	11948	49864	32	29	72	133	14	21	9	16	17	12	6	25	3	3	4	5	2	1	5	1	14
*	5p	+	20	11673	13493	13011	11688	49865	32	51	76	140	12	12	6	11	22	17	5	24	0	2	0	4	4	2	1	1	13
*	5p	+	21	12029	13261	12969	11605	49864	42	31	78	124	15	10	17	18	25	12	8	19	2	2	3	3	2	5	2	0	13
*	5p	+	22	11893	13356	12848	11770	49867	35	42	70	124	8	9	7	20	15	14	13	25	2	4	3	1	3	0	2	1	13
*	5p	+	23	11762	13516	12838	11745	49861	31	44	78	141	9	7	11	17	23	25	21	19	1	0	4	4	4	3	3	1	13
*	5p	+	24	11981	13169	12946	11763	49859	33	44	78	150	16	11	5	12	17	15	10	16	1	3	2	2	0	5	2	5	13
*	5p	+	25	11886	13340	12773	11864	49863	43	55	67	111	21	13	16	16	18	17	13	20	0	5	1	1	3	2	1	2	13
*	5p	+	26	11768	13356	12938	11778	49840	37	52	75	129	13	19	16	13	21	23	12	22	5	4	1	2	3	4	1	0	12
*	5p	+	27	12098	12964	13057	11703	49822	46	41	75	121	18	13	8	15	19	17	12	17	3	3	4	1	5	1	2	1	12
*	5p	+	28	11957	13347	12632	11863	49799	40	45	78	144	18	12	14	11	27	16	8	13	6	3	3	3	4	1	3	0	12
*	5p	+	29	11708	13373	12980	11720	49781	44	45	59	126	23	10	11	18	20	19	12	19	0	4	3	1	2	3	0	2	12
*	5p	+	30	11925	13204	12808	11827	49764	37	47	71	132	14	12	17	14	23	10	10	22	1	1	3	6	1	0	0	2	12
*	5p	+	31	12137	13137	12772	11694	49740	33	43	94	114	13	12	13	14	20	13	16	14	2	6	3	1	1	4	1	0	11
*	5p	+	32	11857	13251	12968	11640	49716	42	36	81	139	16	15	8	16	19	24	15	21	3	4	3	4	1	7	0	1	11
*	5p	+	33	11958	13247	13112	11382	49699	51	37	102	129	16	24	8	9	21	15	10	28	0	3	1	0	1	3	2	1	11
*	5p	+	34	12139	13090	12842	11600	49671	47	42	67	133	16	13	6	18	23	30	10	15	4	1	3	0	2	1	0	0	11
*	5p	+	35	11880	13185	12996	11539	49600	40	41	64	121	12	15	12	13	20	17	8	24	3	2	2	3	0	3	3	1	11
*	5p	+	36	12061	12970	13027	11472	49530	41	46	81	128	22	12	14	15	33	17	13	21	2	3	8	4	1	1	0	6	11
*	5p	+	37	11835	13100	12894	11610	49439	39	54	80	150	18	9	6	11	26	11	7	20	3	4	4	3	2	2	3	1	11
*	5p	+	38	11680	13095	12959	11589	49323	50	37	73	158	14	18	13	15	27	21	14	23	1	2	2	1	2	1	2	0	11
*	5p	+	39	12146	12765	12844	11442	49197	59	47	77	128	18	13	7	15	15	16	9	21	3	4	3	4	1	4	1	0	10
*	5p	+	40	11943	12897	12650	11541	49031	55	42	55	122	11	13	13	14	21	21	9	23	1	8	0	4	3	2	2	1	9
*	5p	+	41	11879	12720	12735	11507	48841	39	43	63	131	18	15	7	13	22	22	9	23	2	6	0	3	1	2	0	2	9
*	5p	+	42	11865	12580	12729	11451	48625	43	36	74	154	16	19	13	9	32	30	9	19	2	1	4	3	0	1	1	4	8
*	5p	+	43	11759	12574	12616	11417	48366	40	41	71	148	19	19	11	17	21	17	5	20	4	3	0	2	3	6	0	2	7
*	5p	+	44	11618	12524	12571	11368	48081	44	53	57	126	16	7	11	13	25	19	10	21	4	3	1	4	2	0	2	2	7
*	5p	+	45	11698	12318	12388	11360	47764	42	38	73	137	23	8	18	19	23	21	20	23	3	1	6	6	1	2	1	0	7
*	5p	+	46	11754	12271	12184	11177	47386	43	33	60	148	15	19	11	17	28	16	13	29	2	1	3	3	0	2	3	1	7
*	5p	+	47	11321	12199	12215	11243	46978	55	44	63	150	17	16	5	22	22	24	13	20	1	5	2	2	2	3	1	1	7
*	5p	+	48	11398	11905	12112	11092	46507	45	50	64	138	16	15	8	16	27	23	9	12	5	2	0	1	2	1	5	3	7
*	5p	+	49	11260	11943	11774	11039	46016	51	41	59	138	18	17	9	15	19	13	16	19	2	3	1	3	1	3	0	1	7
*	5p	+	50	11076	11843	11737	10857	45513	54	51	49	116	8	15	10	17	24	17	7	16	4	3	4	3	2	2	1	0	7
*	5p	+	51	11092	11606	11601	10693	44992	46	38	66	126	15	8	14	16	14	15	9	24	3	3	5	3	4	3	1	1	6
*	5p	+	52	11031	11485	11468	10443	44427	53	28	57	137	18	16	17	18	19	11	6	12	6	4	2	0	3	2	2	1	6
*	5p	+	53	10701	11540	11327	10279	43847	44	43	69	139	14	18	12	11	21	31	8	25	0	1	5	3	5	0	1	0	6
*	5p	+	54	10809	11084	11238	10088	43219	40	49	55	123	19	12	11	16	20	29	12	14	3	1	0	4	1	1	0	1	6
*	5p	+	55	10627	10836	10845	10228	42536	46	40	37	129	12	14	13	18	16	15	12	17	4	5	4	1	1	0	0	2	6
*	5p	+	56	10344	10637	11043	9897	41921	45	41	57	131	17	9	10	14	23	18	8	20	5	3	2	2	0	1	1	3	6
*	5p	+	57	10242	10526	10762	9681	41211	50	30	50	126	24	10	8	12	15	19	13	17	2	2	2	1	0	3	0	2	6
*	5p	+	58	10005	10236	10502	9730	40473	36	35	48	122	11	15	10	12	22	13	14	13	0	1	1	3	2	5	1	1	5
*	5p	+	59	9803	10297	10275	9390	39765	53	33	54	109	16	7	9	13	21	14	8	17	1	1	7	4	0	0	0	0	5
*	5p	+	60	9510	9965	10269	9297	39041	52	40	50	120	12	14	10	17	23	11	17	18	0	1	3	4	2	1	0	1	5
*	5p	+	61	9576	9770	9976	8975	38297	47	44	48	103	13	15	14	15	11	17	8	9	2	3	2	0	2	3	2	0	4
*	5p	+	62	9116	9731	9726	9036	37609	56	31	50	104	17	11	14	13	22	20	12	20	1	1	1	0	2	0	1	0	3
*	5p	+	63	9098	9244	9719	8812	36873	43	27	48	121	23	12	10	13	19	15	5	16	4	2	1	2	3	0	0	0	2
*	5p	+	64	8941	9267	9254	8661	36123	49	28	50	109	22	12	10	16	25	23	8	17	5	0	2	1	1	1	1	1	2
*	5p	+	65	8761	8842	9344	8383	35330	43	30	42	111	13	10	6	15	16	15	9	28	4	5	1	2	2	1	2	2	1
*	5p	+	66	8608	8803	9095	8091	34597	30	20	35	106	15	15	14	15	12	15	19	10	3	1	3	1	1	0	1	1	1
*	5p	+	67	8553	8595	8644	8157	33949	33	28	43	86	15	11	6	11	21	20	9	9	0	3	1	1	0	3	0	0	1
*	5p	+	68	8049	8498	8729	7944	33220	47	30	29	85	12	9	10	17	17	22	10	15	2	1	4	0	2	1	1	1	1
*	5p	+	69	8068	8046	8551	7735	32400	50	33	35	101	14	12	8	11	12	15	8	29	7	1	1	3	1	1	0	2	1
*	5p	+	70	7903	7922	8213	7718	31756	37	26	41	94	10	11	10	19	15	16	16	11	1	1	1	2	0	0	2	2	0
*	5p	-	1	15710	17330	11242	5841	50123	51	57	109	68	38	10	12	29	27	21	20	25	0	0	0	0	0	0	0	0	26
*	5p	-	2	10685	9594	14829	15016	50124	34	72	91	78	16	23	14	15	27	13	18	32	0	1	0	0	0	0	0	0	21
*	5p	-	3	13042	14086	10553	12442	50123	46	84	51	67	24	20	9	22	25	20	6	37	0	0	0	2	0	0	0	0	19
*	5p	-	4	12423	13811	11787	12093	50114	54	60	46	97	21	20	17	14	20	17	17	24	1	1	3	0	1	2	0	0	16
*	5p	-	5	11889	12890	12874	12467	50120	30	52	70	105	12	11	7	15	17	18	7	18	0	0	1	1	2	0	4	1	15
*	5p	-	6	11814	13278	12089	12938	50119	38	51	84	138	9	17	7	17	19	24	17	21	4	0	1	4	3	2	2	1	14
*	5p	-	7	12205	12687	12912	12313	50117	38	53	83	126	9	10	9	18	16	11	11	18	3	1	6	1	2	3	2	3	13
*	5p	-	8	11137	13996	11382	13604	50119	34	52	75	161	24	18	8	14	17	25	9	18	3	3	3	1	0	3	2	2	13
*	5p	-	9	10835	13396	12449	13436	50116	34	35	66	126	15	15	4	7	12	18	6	31	3	0	1	3	3	4	1	3	12
*	5p	-	10	11346	13574	12904	12295	50119	36	43	71	123	11	13	6	9	14	10	10	27	2	2	3	0	4	0	3	0	12
*	5p	-	11	11598	13646	13140	11735	50119	28	52	88	121	14	12	13	15	22	16	7	21	4	2	1	2	2	4	0	2	12
*	5p	-	12	11866	13354	13129	11762	50111	32	43	109	108	10	10	11	10	23	12	15	28	2	2	2	1	4	5	3	3	11
*	5p	-	13	11731	13830	12654	11900	50115	33	42	82	115	23	12	16	12	17	16	11	22	3	3	1	4	3	3	4	1	11
*	5p	-	14	11453	13701	12912	12052	50118	36	39	59	126	10	11	13	9	17	15	10	25	0	2	1	1	0	4	2	2	11
*	5p	-	15	11862	13392	12833	11983	50070	31	43	107	135	17	10	15	17	23	14	6	18	1	0	2	1	1	2	1	1	11
*	5p	-	16	11680	13710	12777	11957	50124	45	47	72	132	13	14	5	10	20	12	8	33	2	3	2	1	1	0	1	1	10
*	5p	-	17	11723	13532	13136	11734	50125	42	44	62	118	19	15	12	12	16	19	6	19	1	3	2	1	0	1	1	0	10
*	5p	-	18	11839	13554	12901	11829	50123	32	55	67	120	14	11	12	10	25	17	8	21	1	4	0	1	1	2	0	1	10
*	5p	-	19	11636	13637	12736	12112	50121	44	42	76	116	20	16	6	18	21	14	8	21	3	3	0	1	1	2	1	2	10
*	5p	-	20	11554	13721	12974	11873	50122	40	48	74	102	16	10	10	18	19	15	7	22	3	5	2	4	2	1	1	1	10
*	5p	-	21	12059	13217	13083	11762	50121	37	38	87	118	14	11	8	16	16	13	8	18	2	3	1	2	1	1	1	3	10
*	5p	-	22	11877	13682	12771	11787	50117	34	51	77	133	12	16	7	16	18	18	11	19	2	5	1	3	2	2	1	2	10
*	5p	-	23	11657	13553	13102	11806	50118	31	41	88	129	18	14	9	15	19	21	9	17	2	1	0	5	2	1	1	0	10
*	5p	-	24	12135	13168	12949	11862	50114	32	42	84	122	13	11	9	16	11	14	10	28	3	6	4	0	1	4	1	0	10
*	5p	-	25	11832	13394	12822	12061	50109	40	45	87	127	16	19	12	13	17	21	10	14	2	6	3	1	4	2	1	2	10
*	5p	-	26	11787	13366	13096	11846	50095	38	37	73	152	11	10	4	16	20	17	6	18	8	7	1	2	1	0	3	2	9
*	5p	-	27	11952	13464	12948	11716	50080	32	43	61	130	21	15	12	13	23	22	9	25	1	1	2	6	2	1	1	0	9
*	5p	-	28	11810	13326	12919	12001	50056	54	52	81	131	19	13	5	17	26	18	13	26	2	1	1	2	1	2	0	0	9
*	5p	-	29	11744	13329	12962	12004	50039	36	52	79	140	13	13	11	20	30	16	7	30	2	2	1	0	2	2	2	2	9
*	5p	-	30	11984	13150	13043	11849	50026	39	48	68	138	13	16	13	10	21	19	18	18	9	3	2	1	1	2	1	1	9
*	5p	-	31	11898	13500	12879	11733	50010	50	51	78	132	15	15	10	13	26	17	5	25	4	2	3	4	0	1	0	0	9
*	5p	-	32	11905	13341	13068	11659	49973	49	40	92	124	21	20	11	20	23	19	10	22	6	1	2	0	7	3	2	1	9
*	5p	-	33	12067	13235	13022	11625	49949	40	40	68	149	14	16	8	13	19	20	10	26	2	3	4	2	1	1	5	2	9
*	5p	-	34	11984	13228	12800	11892	49904	53	50	63	126	19	17	7	16	24	20	9	29	2	4	1	0	4	2	3	1	9
*	5p	-	35	11696	13377	12996	11753	49822	44	41	66	143	18	12	10	13	20	20	15	23	4	2	3	3	5	3	1	3	9
*	5p	-	36	12044	13030	12946	11736	49756	46	56	70	146	15	12	15	9	28	20	11	30	3	3	5	5	4	2	2	3	9
*	5p	-	37	12071	13233	12640	11709	49653	36	41	72	141	12	20	8	15	21	19	6	21	6	5	5	3	1	3	1	0	8
*	5p	-	38	11980	13049	12873	11637	49539	44	57	80	149	16	11	7	15	21	19	10	27	4	1	1	4	5	4	1	1	8
*	5p	-	39	12042	12803	13030	11538	49413	57	46	59	141	14	23	10	20	21	18	12	19	6	1	4	4	1	0	1	2	8
*	5p	-	40	12052	12860	12712	11640	49264	39	41	68	128	18	14	7	15	29	21	11	18	4	1	2	1	2	4	2	0	7
*	5p	-	41	11601	12866	13014	11587	49068	45	45	58	130	12	12	14	13	23	19	12	26	3	2	3	4	3	7	2	0	7
*	5p	-	42	11897	12687	12735	11521	48840	43	44	80	143	17	13	12	11	27	15	14	28	3	3	1	3	2	3	1	3	7
*	5p	-	43	11840	12797	12448	11488	48573	42	41	82	140	20	17	5	18	12	23	16	15	0	1	5	2	1	1	0	1	6
*	5p	-	44	11466	12752	12737	11298	48253	40	47	83	139	15	21	10	15	23	16	9	24	1	4	4	1	4	1	1	0	6
*	5p	-	45	11699	12298	12588	11333	47918	42	41	61	139	19	7	12	10	20	20	11	23	1	3	0	4	1	1	0	1	6
*	5p	-	46	11514	12623	12108	11300	47545	50	51	54	147	18	15	8	16	17	32	8	19	1	1	3	2	1	1	3	1	6
*	5p	-	47	11221	12282	12353	11259	47115	46	48	57	128	18	13	12	17	20	12	16	26	4	6	5	3	2	1	2	2	6
*	5p	-	48	11375	12021	12232	11057	46685	47	39	42	132	18	19	11	17	28	18	13	29	2	2	3	2	4	3	0	2	6
*	5p	-	49	11497	11872	11933	10869	46171	42	33	58	145	20	16	10	14	18	27	10	15	3	2	7	1	2	2	2	1	6
*	5p	-	50	11197	11761	12068	10614	45640	49	37	55	129	22	16	15	15	11	23	15	19	2	3	4	3	2	2	1	2	6
*	5p	-	51	11107	11614	11852	10517	45090	38	33	50	134	12	13	12	20	11	18	12	24	3	4	5	2	3	1	2	0	6
*	5p	-	52	10790	11550	11676	10547	44563	63	41	54	131	19	13	17	15	19	23	14	22	3	8	5	0	0	2	3	1	6
*	5p	-	53	10846	11393	11471	10212	43922	50	31	41	134	18	22	11	13	15	20	10	27	3	4	2	3	5	4	1	3	6
*	5p	-	54	10696	10991	11339	10267	43293	34	25	53	137	14	15	16	14	24	20	13	16	1	2	3	1	2	0	1	1	6
*	5p	-	55	10402	11159	11022	10064	42647	48	38	60	129	15	8	9	11	25	14	8	28	3	4	3	6	1	4	4	1	4
*	5p	-	56	10179	10899	10993	9883	41954	59	38	52	129	13	15	9	22	21	23	11	26	2	0	3	2	2	2	1	2	4
*	5p	-	57	10259	10497	10686	9816	41258	46	39	53	114	22	14	15	13	26	25	7	20	1	3	1	5	1	1	3	1	4
*	5p	-	58	9884	10460	10493	9675	40512	58	41	47	112	14	18	15	12	9	22	16	13	1	2	0	1	3	0	2	3	4
*	5p	-	59	9824	10103	10469	9466	39862	47	45	58	122	12	12	15	9	13	17	9	16	4	2	1	3	2	2	4	1	4
*	5p	-	60	9607	9912	10297	9334	39150	47	35	43	118	11	14	13	15	19	15	21	14	1	1	2	1	3	2	2	1	3
*	5p	-	61	9411	9835	9896	9261	38403	46	36	40	128	11	16	17	17	11	22	8	27	4	2	3	1	1	6	2	3	3
*	5p	-	62	9211	9704	9757	8967	37639	50	46	50	109	14	16	13	11	15	17	5	14	2	2	1	1	2	3	2	1	2
*	5p	-	63	9097	9450	9564	8777	36888	47	36	39	117	16	12	14	6	16	19	12	22	0	1	1	1	2	5	4	1	2
*	5p	-	64	9071	9130	9378	8540	36119	50	32	39	104	10	11	10	19	17	21	11	21	2	3	3	1	0	1	4	3	2
*	5p	-	65	8597	8960	9310	8506	35373	39	38	40	121	14	12	9	10	18	11	13	14	3	2	3	5	4	1	0	2	2
*	5p	-	66	8548	8755	9158	8182	34643	54	34	30	112	17	14	9	18	20	10	7	16	1	0	4	2	2	2	2	2	2
*	5p	-	67	8353	8601	8760	8149	33863	43	23	22	107	11	7	8	13	19	16	9	19	3	4	2	4	0	2	1	0	2
*	5p	-	68	8154	8396	8649	7909	33108	34	23	40	115	11	9	15	13	17	14	5	17	1	4	1	2	3	1	0	1	1
*	5p	-	69	8060	7987	8451	7723	32221	45	16	31	94	8	5	9	16	22	20	6	10	2	2	3	1	1	3	1	0	1
*	5p	-	70	7902	8017	8124	7612	31655	42	19	26	83	9	12	14	15	10	16	11	14	0	4	1	3	1	1	1	1	1
