# table produced by mapDamage version 2.0.1-10-g0a7fa27-dirty
# using mapped file - and 000_prefixes/Pi_mito.fasta as reference file
# Chr: reference from sam/bam header, End: from which termini of DNA sequences, Std: strand of reads
Chr	End	Std	Pos	A	C	G	T	Total	G>A	C>T	A>G	T>C	A>C	A>T	C>G	C>A	T>G	T>A	G>C	G>T	A>-	T>-	C>-	G>-	->A	->T	->C	->G	S
*	3p	+	1	1345	1257	1595	3141	7338	24	44	13	75	37	142	15	43	18	99	12	30	0	0	0	0	0	0	0	0	0
*	3p	+	2	2350	1260	1305	2423	7338	40	23	18	46	10	68	10	44	25	164	7	35	0	0	0	0	0	0	0	0	0
*	3p	+	3	2412	1011	1383	2532	7338	19	23	22	34	11	66	4	40	19	133	3	19	0	0	2	0	0	0	0	0	0
*	3p	+	4	2433	1053	1331	2520	7337	16	18	13	32	5	36	6	28	10	105	2	18	0	2	2	2	1	0	0	0	0
*	3p	+	5	2428	1143	1343	2421	7335	23	16	9	32	7	26	4	16	12	60	1	4	1	2	0	0	0	0	1	2	0
*	3p	+	6	2551	1068	1386	2323	7328	9	6	11	27	6	16	1	15	3	37	1	7	0	0	0	0	6	1	2	1	0
*	3p	+	7	2309	1224	1352	2433	7318	9	9	9	32	8	16	0	5	6	24	1	2	0	3	0	0	7	6	6	1	0
*	3p	+	8	2535	1025	1495	2263	7318	6	5	5	26	7	8	3	4	2	20	0	2	3	2	0	0	9	9	0	2	0
*	3p	+	9	2563	1045	1484	2226	7318	7	2	4	24	2	7	3	4	5	8	1	1	0	6	2	3	13	4	1	2	0
*	3p	+	10	2354	1207	1481	2281	7323	8	5	6	27	0	5	1	1	4	7	2	2	0	5	2	0	11	3	1	0	0
*	3p	+	11	2324	1049	1602	2356	7331	8	4	5	41	5	4	3	1	3	3	1	0	1	1	1	0	5	2	0	0	0
*	3p	+	12	2444	1084	1521	2287	7336	5	1	8	16	2	9	2	1	3	7	0	1	0	0	0	0	2	0	0	0	0
*	3p	+	13	2369	1169	1507	2289	7334	1	3	10	19	0	3	0	2	0	2	3	1	0	0	1	0	2	2	0	0	0
*	3p	+	14	2475	1018	1589	2254	7336	6	0	11	23	3	1	0	2	2	2	2	3	0	1	1	0	2	0	0	0	0
*	3p	+	15	2381	1061	1532	2300	7274	5	2	8	18	1	1	0	0	4	3	0	2	0	0	0	0	0	1	0	0	0
*	3p	+	16	2436	1129	1441	2331	7337	1	1	2	16	2	0	0	0	1	3	0	2	0	1	0	0	1	0	0	0	0
*	3p	+	17	2417	1114	1559	2248	7338	1	1	4	24	3	1	1	0	0	2	0	1	0	1	0	0	0	0	0	0	0
*	3p	+	18	2423	1098	1420	2396	7337	7	2	3	17	2	2	0	1	2	2	2	0	1	3	1	0	0	0	0	1	0
*	3p	+	19	2462	1200	1503	2172	7337	2	2	3	14	1	2	0	0	4	6	0	4	0	0	1	0	1	0	0	0	0
*	3p	+	20	2430	1148	1483	2275	7336	6	3	5	19	1	1	1	1	0	4	0	0	0	1	0	1	2	0	0	0	0
*	3p	+	21	2361	1151	1452	2371	7335	6	4	4	16	2	0	0	0	1	5	1	1	0	1	0	0	1	0	0	0	0
*	3p	+	22	2313	1206	1582	2233	7334	2	5	7	16	0	1	0	3	1	2	0	1	0	2	0	0	1	0	0	0	0
*	3p	+	23	2387	1179	1561	2209	7336	2	2	10	16	1	0	2	2	1	1	1	6	0	0	0	0	0	1	0	0	0
*	3p	+	24	2477	1060	1404	2395	7336	1	4	6	20	0	1	0	2	4	2	1	1	1	0	0	0	0	0	0	0	0
*	3p	+	25	2276	1086	1594	2379	7335	8	1	8	22	0	1	0	0	2	2	0	0	0	1	0	0	0	0	0	0	0
*	3p	+	26	2248	1171	1574	2335	7328	6	0	4	12	0	2	1	1	0	1	0	0	0	1	0	0	0	0	1	0	0
*	3p	+	27	2341	1116	1448	2412	7317	5	2	1	16	2	0	1	0	2	1	0	3	0	1	0	0	1	0	0	0	0
*	3p	+	28	2268	1201	1580	2261	7310	6	3	8	16	0	0	1	5	7	1	0	1	0	2	0	0	2	0	0	0	0
*	3p	+	29	2413	1107	1499	2286	7305	6	0	3	23	5	0	0	3	5	4	1	1	0	0	0	0	0	0	0	0	0
*	3p	+	30	2389	1150	1448	2312	7299	7	3	5	14	3	0	0	4	3	1	0	2	0	0	0	0	0	0	0	0	0
*	3p	+	31	2315	1205	1462	2317	7299	4	4	8	16	0	0	0	2	2	1	2	1	0	0	0	0	0	0	0	0	0
*	3p	+	32	2327	1116	1519	2327	7289	1	5	3	17	3	3	0	3	3	2	0	0	0	1	0	0	0	0	0	0	0
*	3p	+	33	2290	1145	1527	2318	7280	4	1	14	15	1	1	1	3	1	1	0	2	1	3	0	0	0	0	0	0	0
*	3p	+	34	2334	1108	1490	2337	7269	1	2	5	18	3	0	0	1	3	0	0	3	0	0	0	0	1	0	0	0	0
*	3p	+	35	2381	1083	1607	2187	7258	3	2	6	16	0	1	0	4	3	1	1	3	2	0	0	0	0	0	0	0	0
*	3p	+	36	2264	1137	1463	2389	7253	3	3	5	12	3	1	0	1	0	2	1	3	0	0	0	0	0	0	0	0	0
*	3p	+	37	2153	1281	1502	2310	7246	7	2	9	11	0	0	0	0	2	0	0	1	0	0	0	1	0	0	0	0	0
*	3p	+	38	2367	1165	1469	2221	7222	4	0	6	10	1	0	0	0	1	1	1	0	0	1	0	0	0	0	0	0	0
*	3p	+	39	2237	1094	1464	2404	7199	6	0	6	19	0	1	0	5	4	1	0	2	0	0	0	0	0	0	0	0	0
*	3p	+	40	2292	1233	1485	2165	7175	9	3	4	12	1	2	1	3	0	0	0	1	0	0	0	0	0	0	0	0	0
*	3p	+	41	2230	1163	1613	2139	7145	4	3	11	12	2	1	0	6	1	0	1	1	0	0	0	0	0	0	0	0	0
*	3p	+	42	2307	1109	1447	2260	7123	5	1	5	12	3	0	0	5	0	3	0	0	0	0	0	0	0	0	0	0	0
*	3p	+	43	2332	1177	1453	2125	7087	0	3	3	6	1	1	0	0	0	1	0	1	0	1	0	0	0	0	0	0	0
*	3p	+	44	2300	1143	1488	2124	7055	11	4	3	14	1	0	0	1	2	1	0	1	1	1	0	0	0	0	0	0	0
*	3p	+	45	2390	1058	1355	2218	7021	12	5	14	14	7	2	1	0	3	1	0	1	0	0	0	0	0	0	0	0	0
*	3p	+	46	2289	1156	1424	2098	6967	3	4	6	12	4	0	0	10	0	1	1	4	0	0	0	0	0	0	0	0	0
*	3p	+	47	2277	1073	1463	2115	6928	3	3	7	13	3	0	0	11	0	1	0	4	0	0	0	0	0	0	0	0	0
*	3p	+	48	2176	1032	1371	2305	6884	1	2	4	15	0	0	0	2	0	2	0	2	1	0	0	0	0	0	0	0	0
*	3p	+	49	2113	1195	1459	2067	6834	3	3	5	9	2	0	0	3	1	2	1	0	0	1	0	0	0	0	0	0	0
*	3p	+	50	2073	1124	1497	2081	6775	1	1	6	13	3	0	0	0	3	1	0	0	0	2	0	0	0	0	0	0	0
*	3p	+	51	2215	1086	1328	2088	6717	2	5	4	4	0	1	0	4	0	2	0	1	0	0	0	0	0	0	0	0	0
*	3p	+	52	2075	1085	1422	2073	6655	1	2	5	5	5	0	1	0	0	1	0	0	0	0	0	0	1	0	0	0	0
*	3p	+	53	1977	1113	1501	1998	6589	1	4	9	5	4	0	0	0	0	4	0	2	0	0	0	0	0	0	0	0	0
*	3p	+	54	2080	1062	1284	2089	6515	0	1	5	16	0	0	0	1	1	1	0	1	0	0	0	0	0	0	0	0	0
*	3p	+	55	2046	1041	1338	2007	6432	1	2	3	16	0	0	0	0	1	0	0	1	0	0	0	0	0	0	0	0	0
*	3p	+	56	2070	1051	1333	1881	6335	1	3	5	5	2	1	0	0	1	2	0	3	0	1	0	0	0	0	0	0	0
*	3p	+	57	2057	999	1206	1995	6257	4	2	8	11	0	0	0	0	2	1	1	2	0	0	0	0	0	0	0	0	0
*	3p	+	58	2028	1073	1158	1918	6177	1	9	7	13	0	0	0	2	0	1	0	0	0	0	0	0	0	0	0	0	0
*	3p	+	59	2002	943	1254	1888	6087	1	3	2	8	0	0	0	1	2	0	1	0	0	2	0	0	0	0	0	0	0
*	3p	+	60	1961	898	1169	1971	5999	1	1	3	9	1	0	1	0	1	1	1	0	1	1	0	0	0	0	0	0	0
*	3p	+	61	1997	937	1135	1825	5894	1	2	6	3	1	1	1	1	0	0	0	0	0	0	0	0	0	0	0	0	0
*	3p	+	62	1855	926	1164	1863	5808	1	5	6	6	1	1	0	0	0	3	0	3	0	1	0	0	0	0	0	0	0
*	3p	+	63	1961	855	1086	1810	5712	1	4	7	11	1	0	0	0	1	0	0	0	0	0	0	0	0	0	0	0	0
*	3p	+	64	1819	956	1058	1792	5625	0	2	5	10	2	1	0	1	0	0	0	2	0	0	0	0	0	0	0	0	0
*	3p	+	65	1796	891	1089	1745	5521	1	5	2	10	1	0	0	0	0	0	1	3	0	0	0	0	0	0	0	0	0
*	3p	+	66	1778	865	1083	1702	5428	2	1	7	6	1	0	0	0	1	1	0	1	1	1	0	0	0	0	0	0	0
*	3p	+	67	1719	887	1116	1597	5319	0	1	7	6	0	0	1	1	0	0	0	0	0	0	0	0	0	0	0	0	0
*	3p	+	68	1736	857	1054	1579	5226	0	1	5	9	1	1	0	0	0	0	0	0	1	0	0	0	0	0	0	0	0
*	3p	+	69	1696	812	949	1650	5107	1	4	4	5	3	1	0	1	1	0	1	1	0	0	0	0	0	0	0	0	0
*	3p	+	70	1634	853	938	1595	5020	0	2	4	5	1	1	0	0	0	0	2	4	1	0	0	0	0	0	0	0	0
*	3p	-	1	1381	1715	1247	3112	7455	22	37	21	57	37	153	8	29	13	88	20	34	0	0	0	0	0	0	0	0	1
*	3p	-	2	2519	1543	925	2468	7455	38	21	24	49	17	69	8	43	25	159	3	19	0	0	0	0	0	0	0	0	1
*	3p	-	3	2438	1232	1074	2703	7447	22	14	21	45	16	49	3	31	16	141	8	16	0	1	1	0	2	5	1	0	1
*	3p	-	4	2332	1331	1251	2534	7448	21	15	30	32	12	29	4	12	17	108	4	12	0	2	0	0	4	0	1	1	0
*	3p	-	5	2385	1410	1172	2480	7447	10	23	17	33	8	26	1	14	12	59	1	10	1	3	0	1	4	2	0	2	0
*	3p	-	6	2538	1253	1107	2546	7444	8	10	6	30	10	16	0	7	6	56	2	6	1	2	0	1	5	3	1	2	0
*	3p	-	7	2237	1461	1226	2514	7438	11	4	13	27	9	8	1	8	6	36	1	2	0	6	0	0	9	3	1	3	0
*	3p	-	8	2501	1394	1286	2259	7440	9	7	10	19	2	7	0	3	6	15	1	2	0	1	0	1	9	3	0	3	0
*	3p	-	9	2527	1427	1248	2247	7449	8	4	10	20	0	1	2	1	5	15	2	6	0	2	0	2	2	2	1	1	0
*	3p	-	10	2397	1572	1260	2224	7453	3	3	11	19	0	3	0	0	2	6	1	1	2	5	0	1	2	0	0	0	0
*	3p	-	11	2456	1429	1218	2351	7454	0	9	7	14	4	0	2	0	3	8	0	4	1	2	0	1	1	0	0	0	0
*	3p	-	12	2361	1432	1171	2490	7454	8	1	8	13	3	3	0	1	1	6	0	4	0	0	0	1	0	0	0	1	0
*	3p	-	13	2382	1482	1277	2312	7453	0	2	5	12	2	1	0	2	4	6	1	1	0	2	0	2	1	0	0	0	0
*	3p	-	14	2368	1489	1246	2352	7455	9	4	13	10	3	2	0	0	0	4	1	0	2	0	2	0	0	0	0	0	0
*	3p	-	15	2454	1378	1210	2354	7396	2	2	11	15	3	0	2	0	1	1	1	6	1	0	0	0	0	0	0	0	0
*	3p	-	16	2368	1536	1174	2375	7453	4	1	7	15	0	1	2	3	1	1	0	4	0	1	0	0	1	1	0	0	0
*	3p	-	17	2418	1504	1238	2294	7454	4	6	5	21	1	0	0	0	2	4	1	10	0	0	0	0	0	1	0	0	0
*	3p	-	18	2388	1505	1281	2281	7455	4	4	4	24	0	0	0	2	2	4	1	2	2	0	0	0	0	0	0	0	0
*	3p	-	19	2402	1528	1269	2255	7454	2	8	7	26	0	3	2	0	1	1	0	10	0	0	0	0	0	0	0	0	0
*	3p	-	20	2429	1435	1327	2263	7454	5	1	4	9	0	0	0	1	3	2	0	24	0	0	0	0	0	1	0	0	0
*	3p	-	21	2405	1437	1203	2404	7449	5	11	8	23	1	0	0	0	3	2	0	2	1	2	0	0	0	5	0	1	0
*	3p	-	22	2298	1555	1231	2362	7446	2	23	7	20	1	1	0	1	4	1	0	2	0	1	0	0	0	2	1	0	0
*	3p	-	23	2348	1429	1234	2442	7453	3	1	3	24	1	3	1	0	1	3	0	4	0	0	0	0	0	0	0	0	0
*	3p	-	24	2383	1415	1258	2399	7455	1	4	4	18	0	0	1	0	1	3	0	2	0	0	0	0	0	0	0	0	0
*	3p	-	25	2259	1580	1218	2394	7451	6	5	10	15	5	0	0	2	2	6	0	2	0	0	0	0	0	0	0	0	0
*	3p	-	26	2287	1602	1237	2312	7438	1	2	11	8	1	0	2	0	2	4	0	5	0	1	0	0	0	2	0	0	0
*	3p	-	27	2440	1496	1146	2346	7428	2	1	9	18	0	2	0	0	1	2	0	4	0	0	0	0	0	2	0	0	0
*	3p	-	28	2336	1481	1290	2319	7426	1	6	3	14	0	3	2	0	4	1	0	2	0	0	0	0	0	0	0	0	0
*	3p	-	29	2371	1502	1304	2240	7417	3	4	4	14	0	1	1	0	4	4	1	2	0	0	0	0	0	0	0	0	0
*	3p	-	30	2414	1487	1228	2285	7414	1	7	10	13	1	0	0	1	5	4	1	1	0	1	0	0	0	0	0	0	0
*	3p	-	31	2342	1539	1248	2284	7413	6	0	6	10	2	1	0	0	1	5	0	0	0	0	0	0	0	0	0	0	0
*	3p	-	32	2300	1491	1176	2436	7403	4	1	14	16	0	3	0	0	6	2	0	1	0	1	0	0	0	0	0	0	0
*	3p	-	33	2338	1605	1123	2329	7395	1	0	6	22	1	2	0	0	5	1	0	4	0	1	0	0	0	0	0	0	0
*	3p	-	34	2362	1571	1170	2284	7387	1	1	12	16	1	0	0	0	1	0	0	2	0	1	0	0	0	0	0	0	0
*	3p	-	35	2408	1511	1153	2300	7372	0	0	10	16	0	2	1	0	3	3	0	2	0	0	0	0	0	0	0	0	0
*	3p	-	36	2410	1554	1081	2319	7364	0	3	10	19	0	2	0	0	0	6	0	1	0	0	0	0	0	0	0	0	0
*	3p	-	37	2316	1619	1181	2235	7351	1	4	9	15	2	3	0	0	2	0	0	2	0	0	0	0	0	0	0	0	0
*	3p	-	38	2296	1544	1171	2331	7342	4	2	10	16	1	3	1	1	1	1	2	1	0	1	0	0	0	0	0	0	0
*	3p	-	39	2260	1546	1134	2384	7324	1	5	12	14	0	1	1	1	1	3	0	0	1	1	0	0	0	0	0	0	0
*	3p	-	40	2233	1572	1124	2372	7301	2	3	9	18	3	1	0	2	0	4	0	1	0	0	0	0	0	0	0	0	0
*	3p	-	41	2269	1475	1135	2393	7272	6	1	7	13	2	2	1	0	2	1	0	0	0	0	0	0	0	0	0	0	0
*	3p	-	42	2432	1354	1133	2342	7261	8	5	10	14	3	4	1	0	0	0	0	1	0	0	0	0	0	0	0	0	0
*	3p	-	43	2282	1498	1120	2320	7220	1	2	9	19	1	2	0	1	1	1	0	1	0	0	0	0	0	0	0	0	0
*	3p	-	44	2200	1439	1218	2318	7175	1	1	5	19	0	2	0	0	0	0	0	1	0	0	0	0	1	0	0	0	0
*	3p	-	45	2338	1367	1111	2318	7134	0	2	10	8	4	0	1	1	1	1	1	0	0	0	0	0	0	0	0	0	0
*	3p	-	46	2246	1502	1184	2155	7087	5	1	7	5	1	3	0	0	2	3	1	2	0	0	0	0	0	0	0	0	0
*	3p	-	47	2292	1431	1124	2180	7027	2	1	6	12	0	5	0	0	1	4	0	1	0	0	0	0	1	0	0	0	0
*	3p	-	48	2148	1563	1009	2258	6978	1	0	12	8	1	0	1	0	0	0	1	0	1	0	0	0	0	0	0	0	0
*	3p	-	49	2099	1511	1081	2229	6920	2	2	11	9	0	0	0	0	0	2	0	1	0	0	0	0	0	0	0	0	0
*	3p	-	50	2221	1449	1106	2082	6858	1	5	3	5	0	2	0	0	0	0	0	0	1	1	0	0	0	0	0	0	0
*	3p	-	51	2176	1398	1081	2147	6802	1	0	9	6	3	0	0	0	1	0	0	2	1	0	0	0	0	0	0	0	0
*	3p	-	52	2047	1412	1132	2138	6729	2	2	6	11	1	2	0	0	0	0	0	4	0	0	0	0	0	0	0	0	0
*	3p	-	53	2213	1264	1076	2106	6659	0	2	10	16	0	0	0	0	0	1	0	2	0	0	0	0	0	2	0	0	0
*	3p	-	54	2143	1367	990	2084	6584	0	4	7	8	0	0	0	0	0	0	0	2	0	1	0	0	0	1	0	0	0
*	3p	-	55	1951	1483	1083	1980	6497	2	2	5	5	0	0	0	0	1	1	0	2	0	1	0	0	0	0	0	0	0
*	3p	-	56	2030	1339	1024	2019	6412	2	1	1	13	0	0	0	0	1	0	2	1	0	0	0	0	0	0	0	0	0
*	3p	-	57	1938	1330	965	2093	6326	2	0	9	8	0	1	0	0	1	0	0	1	0	0	0	0	0	0	0	0	0
*	3p	-	58	1893	1317	1020	2021	6251	6	3	6	6	0	2	1	0	2	0	2	2	0	0	0	2	0	0	0	0	0
*	3p	-	59	1951	1277	868	2063	6159	1	2	4	8	0	0	0	0	0	1	0	0	0	0	0	0	0	0	0	0	0
*	3p	-	60	2008	1205	891	1951	6055	0	2	5	5	2	0	0	0	0	1	0	0	0	0	0	0	0	0	0	0	0
*	3p	-	61	1918	1195	914	1929	5956	3	4	4	10	0	1	0	0	0	0	0	0	0	0	0	0	0	0	0	0	0
*	3p	-	62	1834	1118	981	1941	5874	1	5	2	11	1	1	0	0	2	0	2	1	0	0	0	0	1	0	0	0	0
*	3p	-	63	1837	1128	928	1858	5751	0	1	3	13	0	0	0	1	2	0	0	0	0	0	0	0	0	0	0	0	0
*	3p	-	64	1766	1098	936	1831	5631	1	5	4	11	0	1	0	0	0	0	0	0	0	0	0	0	0	0	0	0	0
*	3p	-	65	1731	1073	935	1787	5526	1	3	3	3	0	0	0	0	0	1	0	0	0	2	0	0	0	0	0	0	0
*	3p	-	66	1730	1086	802	1797	5415	3	2	2	6	0	1	0	0	3	0	0	0	1	2	0	0	1	0	0	0	0
*	3p	-	67	1764	1038	851	1635	5288	1	2	7	6	0	1	0	0	0	1	0	0	0	0	0	0	0	0	0	0	0
*	3p	-	68	1723	1032	783	1632	5170	0	0	2	8	0	1	0	0	1	1	0	0	0	0	0	0	0	0	0	0	0
*	3p	-	69	1737	933	749	1620	5039	0	1	5	3	0	2	0	0	1	3	1	0	0	0	0	0	0	0	0	0	0
*	3p	-	70	1584	964	820	1575	4943	2	7	2	8	0	1	0	0	0	1	1	3	0	0	0	0	0	0	0	0	0
*	5p	+	1	3300	1210	1545	1283	7338	2	5	13	3	1	1	1	0	2	3	1	1	0	0	0	0	0	0	0	0	0
*	5p	+	2	2281	871	1457	2729	7338	1	9	19	8	0	5	0	0	1	1	0	0	0	1	0	0	0	0	0	0	0
*	5p	+	3	2536	1165	1254	2382	7337	0	8	22	10	5	1	2	3	3	1	2	2	1	1	0	0	0	1	0	0	0
*	5p	+	4	2461	1236	1255	2386	7338	2	5	4	18	1	2	0	1	0	0	0	0	1	0	0	0	0	0	0	0	0
*	5p	+	5	2425	1158	1365	2390	7338	3	2	6	7	2	3	0	1	1	2	1	1	0	0	1	0	0	0	0	0	0
*	5p	+	6	2513	1154	1307	2363	7337	1	5	14	13	2	0	0	4	3	3	2	0	0	1	0	0	0	0	1	0	0
*	5p	+	7	2536	1134	1469	2198	7337	0	7	7	10	4	0	0	2	1	0	1	1	0	0	0	1	1	0	0	0	0
*	5p	+	8	2332	1231	1273	2500	7336	3	7	8	20	2	0	0	0	1	0	0	2	0	0	1	0	1	0	0	1	0
*	5p	+	9	2171	1221	1348	2598	7338	1	2	14	12	1	0	0	2	0	0	0	2	0	0	0	0	0	0	0	0	0
*	5p	+	10	2233	1233	1491	2380	7337	2	2	3	14	0	0	0	1	2	3	0	1	0	0	0	0	0	1	0	0	0
*	5p	+	11	2374	1021	1442	2500	7337	5	3	6	16	3	2	2	2	3	4	0	4	0	0	0	0	0	1	0	0	0
*	5p	+	12	2431	1165	1436	2306	7338	1	1	7	9	2	0	0	7	5	2	0	3	0	0	0	0	0	0	0	0	0
*	5p	+	13	2215	1230	1498	2395	7338	2	1	7	10	0	4	0	0	1	0	0	2	1	0	1	0	0	0	0	0	0
*	5p	+	14	2319	1168	1463	2387	7337	9	3	11	17	0	0	1	1	1	0	0	1	0	1	0	0	0	0	0	0	0
*	5p	+	15	2365	1160	1406	2401	7332	1	2	8	19	4	0	0	6	3	1	0	3	0	2	0	0	1	0	0	0	0
*	5p	+	16	2420	1125	1433	2359	7337	1	3	7	11	3	0	0	5	2	2	0	1	1	0	0	0	0	1	0	0	0
*	5p	+	17	2423	1164	1352	2397	7336	6	5	7	8	1	0	0	8	0	1	0	0	0	0	0	0	1	0	1	0	0
*	5p	+	18	2282	1172	1495	2389	7338	6	3	11	7	0	2	0	2	0	5	0	1	0	0	0	0	0	0	0	0	0
*	5p	+	19	2322	1198	1476	2341	7337	7	1	1	14	3	1	0	10	1	0	0	3	0	1	0	0	0	0	1	0	0
*	5p	+	20	2350	1188	1416	2384	7338	2	0	5	15	5	1	0	17	2	3	0	0	0	1	0	0	0	0	0	0	0
*	5p	+	21	2421	1191	1418	2308	7338	9	3	4	16	2	3	0	0	1	0	0	5	0	2	0	0	0	0	0	0	0
*	5p	+	22	2308	1243	1550	2237	7338	16	2	8	16	0	2	0	2	1	1	1	0	0	0	0	0	0	0	0	0	0
*	5p	+	23	2377	1193	1449	2319	7338	1	3	8	12	2	1	0	3	2	1	0	2	0	0	0	0	0	0	0	0	0
*	5p	+	24	2325	1204	1518	2290	7337	2	3	7	9	0	0	1	0	1	0	0	0	0	0	0	0	1	0	0	0	0
*	5p	+	25	2367	1190	1461	2320	7338	4	2	9	16	1	3	0	3	0	3	0	2	0	0	0	0	0	0	0	0	0
*	5p	+	26	2289	1163	1548	2329	7329	0	0	5	16	0	2	1	1	1	1	0	3	0	0	0	0	0	0	0	0	0
*	5p	+	27	2324	1088	1483	2423	7318	7	2	2	16	1	0	0	5	2	0	1	2	0	0	0	0	0	0	0	0	0
*	5p	+	28	2356	1240	1432	2283	7311	1	1	9	10	2	0	0	2	0	1	2	1	0	0	0	0	0	0	0	0	0
*	5p	+	29	2337	1192	1447	2329	7305	5	2	11	16	1	0	0	1	1	3	1	1	0	1	0	0	0	0	0	0	0
*	5p	+	30	2304	1230	1474	2295	7303	3	3	4	16	5	1	0	1	2	3	0	0	1	0	0	0	0	0	0	0	0
*	5p	+	31	2335	1251	1457	2256	7299	0	1	11	11	1	1	0	0	1	1	0	2	0	0	0	0	0	0	0	0	0
*	5p	+	32	2437	1153	1491	2208	7289	3	3	12	22	4	2	0	1	0	3	0	0	0	0	0	0	0	0	0	0	0
*	5p	+	33	2365	1163	1524	2226	7278	0	1	7	10	1	2	0	1	4	3	0	3	2	0	0	0	0	2	0	0	0
*	5p	+	34	2399	1176	1458	2237	7270	4	5	9	19	2	1	0	1	4	1	0	2	1	0	0	0	0	0	0	0	0
*	5p	+	35	2346	1063	1466	2382	7257	4	4	5	15	2	4	1	0	1	5	0	3	0	0	0	0	1	0	0	0	0
*	5p	+	36	2431	1203	1463	2156	7253	0	0	8	25	1	1	1	2	2	2	1	1	1	0	0	0	0	0	0	0	0
*	5p	+	37	2375	1204	1522	2145	7246	0	2	7	12	2	1	0	3	1	1	0	2	0	0	0	0	0	0	0	0	0
*	5p	+	38	2368	1160	1418	2276	7222	2	5	6	18	0	3	1	0	2	2	0	3	0	0	0	0	0	0	0	0	0
*	5p	+	39	2384	1146	1455	2213	7198	2	3	8	17	0	0	0	1	1	1	0	2	2	1	0	0	0	0	0	1	0
*	5p	+	40	2314	1111	1512	2237	7174	0	2	4	9	1	0	2	1	0	2	0	1	0	1	0	0	1	0	0	0	0
*	5p	+	41	2358	1132	1390	2264	7144	1	4	1	18	0	0	0	2	1	4	1	2	0	2	0	0	1	0	0	0	0
*	5p	+	42	2361	1109	1343	2309	7122	3	9	3	16	1	1	1	2	3	3	0	1	0	2	0	0	0	0	0	1	0
*	5p	+	43	2233	1112	1443	2298	7086	3	3	2	19	2	0	0	2	2	7	0	1	0	0	0	1	0	1	0	0	0
*	5p	+	44	2224	1145	1395	2291	7055	4	1	5	13	2	1	1	3	1	3	2	3	0	0	0	0	0	0	0	0	0
*	5p	+	45	2316	1138	1407	2160	7021	5	3	10	27	4	2	0	2	1	5	1	2	0	0	0	0	0	0	0	0	0
*	5p	+	46	2180	1135	1450	2201	6966	2	1	1	19	0	3	0	1	1	10	0	0	0	0	0	0	1	0	0	0	0
*	5p	+	47	2195	1115	1476	2140	6926	0	6	6	17	2	3	1	1	3	2	0	3	0	0	0	0	1	0	1	0	0
*	5p	+	48	2210	1028	1517	2129	6884	5	3	4	14	1	0	1	3	1	8	0	2	1	0	0	0	0	0	0	0	0
*	5p	+	49	2180	1087	1416	2151	6834	1	5	7	11	5	1	0	0	0	4	1	1	0	0	0	0	0	0	0	0	0
*	5p	+	50	2150	1044	1384	2197	6775	7	3	4	12	2	3	1	1	1	9	0	0	3	1	0	0	0	0	0	0	0
*	5p	+	51	2094	1085	1441	2097	6717	3	4	1	16	1	3	0	4	0	9	0	5	0	3	0	0	0	0	0	0	0
*	5p	+	52	2146	1020	1367	2122	6655	2	2	7	15	3	7	0	0	2	16	0	2	0	1	0	0	1	0	0	0	0
*	5p	+	53	2014	1060	1324	2189	6587	6	0	5	18	2	4	0	2	2	12	0	1	0	0	0	0	2	0	0	0	0
*	5p	+	54	1971	1023	1390	2130	6514	3	3	0	10	4	9	0	4	2	11	1	3	0	1	1	0	1	0	0	0	0
*	5p	+	55	2078	1052	1412	1890	6432	5	6	6	13	6	5	0	8	3	12	0	3	0	0	1	0	0	0	0	0	0
*	5p	+	56	2050	984	1309	1991	6334	2	3	6	11	4	5	1	1	1	5	0	3	0	0	0	0	1	0	0	0	0
*	5p	+	57	2093	988	1276	1898	6255	4	4	6	8	4	7	0	2	1	10	0	0	0	0	0	0	2	0	0	0	0
*	5p	+	58	1916	1020	1375	1864	6175	1	1	7	16	1	9	0	3	3	11	1	3	0	0	0	0	0	1	1	0	0
*	5p	+	59	1932	935	1207	2011	6085	7	7	4	12	1	5	0	3	2	10	3	9	0	0	0	0	2	0	0	0	0
*	5p	+	60	1909	936	1242	1908	5995	2	1	1	19	2	5	0	4	0	13	0	2	1	2	0	0	4	0	0	0	0
*	5p	+	61	1915	936	1204	1835	5890	2	5	6	12	2	6	4	2	4	4	2	5	0	0	0	0	1	2	1	0	0
*	5p	+	62	1912	887	1134	1874	5807	5	3	1	20	2	5	1	5	4	13	1	4	0	0	0	0	0	0	1	0	0
*	5p	+	63	1860	904	1130	1816	5710	3	4	3	16	2	10	1	0	2	12	0	5	0	0	0	0	1	1	0	0	0
*	5p	+	64	1838	960	1087	1736	5621	6	2	6	12	2	8	0	6	3	11	2	2	0	0	0	0	1	0	2	1	0
*	5p	+	65	1751	853	1129	1784	5517	5	5	3	17	1	11	3	5	4	19	1	3	0	0	0	0	2	2	0	0	0
*	5p	+	66	1763	813	1111	1740	5427	8	5	4	10	5	11	0	2	5	11	1	3	1	1	0	1	1	0	0	0	0
*	5p	+	67	1612	864	1073	1770	5319	5	2	7	16	2	4	2	4	1	14	2	3	0	0	0	0	0	0	0	0	0
*	5p	+	68	1715	757	995	1757	5224	5	3	1	15	7	14	1	0	5	16	2	3	1	0	0	0	2	0	0	0	0
*	5p	+	69	1622	779	1058	1633	5092	5	5	0	5	0	8	0	2	5	9	0	4	0	0	0	0	3	0	2	0	0
*	5p	+	70	1633	827	1032	1529	5021	7	3	2	14	6	8	5	1	1	12	2	7	0	0	0	0	0	0	0	0	0
*	5p	-	1	3205	1757	1257	1236	7455	3	7	15	2	1	5	3	0	1	3	0	0	0	0	0	0	0	0	0	0	0
*	5p	-	2	2195	1299	1241	2720	7455	1	1	18	12	0	8	0	0	1	1	0	2	0	0	0	0	0	0	0	0	0
*	5p	-	3	2534	1375	978	2568	7455	3	6	6	13	1	6	0	0	1	3	1	0	0	0	0	0	0	0	0	0	0
*	5p	-	4	2362	1421	1056	2613	7452	1	3	16	15	4	4	1	1	2	6	0	2	0	0	0	0	0	0	0	0	0
*	5p	-	5	2420	1430	1046	2557	7453	0	3	9	13	1	0	2	0	1	7	0	2	0	0	0	0	0	0	1	1	0
*	5p	-	6	2424	1340	1102	2589	7455	0	5	9	15	0	0	0	0	2	1	0	1	0	0	0	1	0	0	0	0	0
*	5p	-	7	2442	1454	1219	2340	7455	1	6	17	10	0	1	0	0	1	1	0	1	0	0	0	0	0	0	0	0	0
*	5p	-	8	2238	1600	992	2625	7455	0	3	8	14	1	1	0	0	1	1	0	2	0	1	0	0	0	0	0	0	0
*	5p	-	9	2331	1481	1023	2620	7455	1	1	19	11	1	1	0	0	1	0	0	0	0	1	0	0	0	0	0	0	0
*	5p	-	10	2294	1521	1221	2419	7455	8	5	12	7	0	1	0	0	2	2	0	0	0	0	0	0	0	0	0	0	0
*	5p	-	11	2477	1590	1046	2342	7455	0	2	15	14	0	3	0	1	2	0	0	0	0	0	0	0	0	0	0	0	0
*	5p	-	12	2385	1554	1080	2436	7455	0	3	10	18	0	1	0	0	0	1	0	0	0	0	0	0	0	0	0	0	0
*	5p	-	13	2443	1569	1117	2325	7454	0	7	13	11	2	1	0	0	1	2	1	0	0	1	0	0	1	0	0	0	0
*	5p	-	14	2456	1560	1055	2384	7455	2	2	10	10	1	4	0	0	0	1	0	1	0	2	0	0	0	0	0	0	0
*	5p	-	15	2315	1496	1171	2467	7449	2	3	6	14	0	0	0	0	5	2	0	0	0	1	0	0	0	0	0	0	0
*	5p	-	16	2401	1444	1182	2428	7455	1	6	8	11	0	4	0	0	1	1	0	0	0	0	0	0	0	0	0	0	0
*	5p	-	17	2300	1435	1186	2534	7455	2	3	9	12	0	3	1	1	3	1	0	2	0	1	0	0	0	0	0	0	0
*	5p	-	18	2405	1527	1181	2342	7455	0	11	11	15	0	1	1	0	2	2	0	1	0	0	0	0	0	0	0	0	0
*	5p	-	19	2356	1531	1208	2359	7454	1	6	11	10	0	3	0	0	1	3	0	1	0	0	0	0	0	0	1	0	0
*	5p	-	20	2328	1547	1168	2410	7453	6	6	12	8	0	1	0	0	6	4	0	0	0	0	0	0	0	2	0	0	0
*	5p	-	21	2430	1447	1224	2352	7453	1	4	9	14	1	1	2	0	1	1	0	0	0	4	0	0	0	2	0	0	0
*	5p	-	22	2340	1604	1205	2306	7455	3	5	2	14	1	2	0	1	5	1	0	2	0	0	0	0	0	0	0	0	0
*	5p	-	23	2317	1580	1089	2468	7454	1	2	6	15	1	0	1	1	0	7	0	2	0	0	0	0	0	0	0	0	0
*	5p	-	24	2440	1484	1070	2461	7455	3	2	11	22	1	2	0	0	0	1	0	2	0	0	0	0	0	0	0	0	0
*	5p	-	25	2397	1560	1137	2361	7455	2	6	20	13	1	1	1	1	0	1	0	1	1	0	0	0	0	0	0	0	0
*	5p	-	26	2374	1637	1237	2193	7441	0	6	16	15	3	1	0	0	1	0	0	2	0	2	0	0	0	1	0	0	0
*	5p	-	27	2407	1459	1194	2369	7429	0	1	11	8	1	1	0	1	2	1	0	6	1	0	0	0	0	1	0	0	0
*	5p	-	28	2379	1613	1126	2308	7426	2	4	8	17	3	1	0	0	2	1	0	6	0	0	0	0	0	0	0	0	0
*	5p	-	29	2278	1574	1184	2381	7417	3	9	8	18	2	1	1	1	3	4	0	2	0	1	0	1	0	1	0	0	0
*	5p	-	30	2281	1551	1127	2456	7415	0	5	10	16	1	2	1	1	2	0	1	7	0	0	0	0	0	0	0	0	0
*	5p	-	31	2348	1582	1135	2349	7414	2	5	8	12	0	1	0	0	5	2	1	4	0	0	0	0	0	0	0	0	0
*	5p	-	32	2365	1448	1134	2457	7404	2	1	9	15	0	2	0	0	4	2	0	1	0	1	0	0	0	0	0	0	0
*	5p	-	33	2306	1540	1173	2372	7391	6	6	5	13	2	1	1	0	1	1	0	3	0	0	0	0	2	2	0	0	0
*	5p	-	34	2444	1497	1144	2300	7385	1	2	5	8	0	1	1	1	2	4	0	0	0	1	0	0	0	2	0	0	0
*	5p	-	35	2303	1551	1143	2375	7372	3	3	9	12	3	0	0	0	2	4	1	7	0	0	0	0	0	0	0	0	0
*	5p	-	36	2366	1543	1175	2279	7363	4	3	7	11	1	1	0	0	2	1	0	1	0	0	0	0	0	0	0	1	0
*	5p	-	37	2353	1522	1297	2178	7350	7	6	4	11	2	3	0	0	1	0	1	2	0	0	0	0	0	1	0	0	0
*	5p	-	38	2282	1423	1241	2396	7342	4	5	10	14	1	0	0	0	1	2	1	2	0	1	0	1	0	1	0	0	0
*	5p	-	39	2350	1512	1186	2274	7322	3	6	7	16	1	1	0	0	2	4	1	7	0	0	0	0	0	1	0	0	0
*	5p	-	40	2279	1453	1233	2335	7300	2	3	6	10	1	2	1	0	9	2	0	8	0	0	0	0	0	0	0	0	0
*	5p	-	41	2295	1535	1113	2329	7272	5	4	5	15	0	0	0	0	1	3	0	5	0	0	0	0	0	0	0	0	0
*	5p	-	42	2323	1516	1182	2238	7259	6	5	8	16	3	1	0	0	3	2	0	6	0	1	0	0	1	1	0	0	0
*	5p	-	43	2210	1542	1224	2244	7220	1	4	1	9	0	0	0	3	1	5	2	3	0	0	0	0	0	0	0	0	0
*	5p	-	44	2217	1550	1080	2328	7175	7	12	11	14	2	1	0	2	1	6	1	4	1	1	0	0	0	0	1	0	0
*	5p	-	45	2257	1454	1128	2296	7135	5	15	6	18	4	6	0	2	3	11	1	2	0	0	0	0	0	0	0	0	0
*	5p	-	46	2157	1405	1189	2333	7084	5	6	8	15	2	8	1	1	5	11	1	12	1	2	0	0	0	2	0	0	0
*	5p	-	47	2291	1469	1114	2151	7025	5	8	3	17	0	6	0	2	2	5	1	11	0	0	0	0	0	3	0	0	0
*	5p	-	48	2350	1380	1110	2138	6978	3	4	5	16	4	0	0	1	6	8	0	4	0	0	0	0	0	0	0	0	0
*	5p	-	49	2180	1459	1235	2045	6919	7	10	2	14	1	4	1	0	1	9	1	11	1	2	0	0	2	0	0	0	0
*	5p	-	50	2166	1462	1139	2088	6855	3	0	7	10	5	7	1	5	2	11	2	1	0	1	0	0	0	2	1	0	0
*	5p	-	51	2117	1318	1177	2188	6800	6	4	7	5	0	10	1	5	3	5	3	4	2	1	0	0	2	0	0	0	0
*	5p	-	52	2066	1514	1007	2142	6729	7	3	7	10	0	3	0	4	1	10	0	4	1	0	0	0	0	0	0	0	0
*	5p	-	53	2043	1476	1061	2081	6661	6	4	6	23	3	5	1	1	2	13	0	1	0	0	0	0	0	0	0	0	0
*	5p	-	54	2092	1305	1124	2064	6585	4	1	7	18	1	11	1	0	4	8	1	0	0	1	0	1	0	0	0	0	0
*	5p	-	55	1955	1421	1090	2029	6495	3	2	6	11	0	4	0	4	4	15	0	2	1	1	0	0	2	0	0	0	0
*	5p	-	56	1996	1295	1045	2074	6410	2	6	4	22	4	2	1	1	5	14	0	2	0	0	0	0	0	2	0	0	0
*	5p	-	57	2045	1227	1127	1925	6324	4	4	2	10	3	9	0	1	3	12	3	2	0	0	0	0	2	0	0	0	0
*	5p	-	58	2014	1198	1058	1980	6250	5	8	4	15	1	2	2	7	0	12	2	3	1	0	0	0	0	0	0	1	0
*	5p	-	59	1942	1256	945	2013	6156	7	6	6	22	4	13	0	1	4	13	3	1	0	0	0	0	1	2	0	0	0
*	5p	-	60	1855	1289	961	1949	6054	6	1	5	20	3	7	0	2	2	11	1	4	0	2	0	0	1	0	0	0	0
*	5p	-	61	1877	1230	953	1896	5956	7	3	6	17	0	7	0	1	6	9	4	5	0	0	0	0	0	0	0	0	0
*	5p	-	62	1865	1148	956	1905	5874	3	1	2	19	2	16	0	2	3	17	4	4	0	1	0	0	1	0	0	0	0
*	5p	-	63	1841	1116	902	1890	5749	0	10	4	14	1	10	2	0	3	21	1	6	0	0	0	0	2	0	0	0	0
*	5p	-	64	1746	1136	1003	1744	5629	2	5	8	10	2	7	1	5	7	13	1	3	0	1	0	0	0	2	0	0	0
*	5p	-	65	1725	1171	868	1758	5522	6	3	6	7	2	4	1	7	2	14	0	5	0	1	0	0	2	2	0	0	0
*	5p	-	66	1768	1052	863	1731	5414	2	3	9	13	0	9	0	0	4	9	4	2	0	1	0	0	2	0	0	0	0
*	5p	-	67	1621	1117	895	1654	5287	4	2	9	13	3	6	2	3	2	9	0	2	0	0	0	0	0	0	1	0	0
*	5p	-	68	1617	1057	821	1675	5170	12	6	1	12	2	5	2	0	2	16	0	3	1	0	0	0	0	0	0	0	0
*	5p	-	69	1619	963	839	1609	5030	3	4	5	14	4	4	0	4	1	11	0	2	0	0	0	0	1	0	0	0	0
*	5p	-	70	1572	931	844	1595	4942	5	4	7	10	4	3	0	4	1	10	2	1	0	2	0	1	1	0	0	0	0
