# table produced by mapDamage version 2.0.1-10-g0a7fa27-dirty
# using mapped file - and 000_prefixes/Pi_nucl.fasta as reference file
# Chr: reference from sam/bam header, End: from which termini of DNA sequences, Std: strand of reads
Chr	End	Std	Pos	A	C	G	T	Total	G>A	C>T	A>G	T>C	A>C	A>T	C>G	C>A	T>G	T>A	G>C	G>T	A>-	T>-	C>-	G>-	->A	->T	->C	->G	S
*	3p	+	1	13148	12028	14335	10740	50251	478	57	118	86	59	29	114	143	95	155	58	38	0	0	0	0	0	0	0	0	0
*	3p	+	2	12538	14049	13101	10565	50253	405	59	108	56	24	22	77	120	79	100	26	28	0	0	0	1	0	0	0	0	0
*	3p	+	3	11813	13422	13863	11154	50252	288	44	86	56	28	24	64	69	72	98	16	25	0	0	1	0	1	1	0	0	0
*	3p	+	4	11889	12856	14182	11322	50249	210	54	73	65	23	19	52	95	51	80	14	23	0	0	0	0	2	1	0	1	0
*	3p	+	5	11610	13635	13927	11077	50249	188	46	57	62	10	21	13	85	29	78	10	14	0	0	0	0	5	0	1	1	0
*	3p	+	6	11696	13545	13700	11296	50237	163	42	63	47	18	13	12	24	12	27	5	16	1	1	0	0	11	1	3	5	0
*	3p	+	7	11775	13304	13915	11246	50240	119	54	48	51	8	18	9	24	17	8	8	18	2	2	4	2	5	2	5	5	0
*	3p	+	8	11469	13476	14269	11035	50249	115	50	40	55	15	8	11	22	28	12	14	11	4	4	2	2	3	3	0	2	0
*	3p	+	9	11489	13978	13584	11202	50253	119	51	47	44	10	12	5	12	16	11	12	13	1	1	1	4	1	1	1	1	0
*	3p	+	10	11565	13625	14135	10924	50249	111	61	45	51	21	12	13	20	19	14	15	17	3	1	4	1	4	2	2	1	0
*	3p	+	11	11243	13705	14346	10956	50250	104	44	42	55	9	12	14	17	11	17	9	15	0	1	2	0	0	2	1	4	0
*	3p	+	12	11260	13873	13829	11282	50244	113	45	44	58	13	17	10	21	9	19	16	17	1	1	1	2	1	3	4	4	0
*	3p	+	13	11572	13499	14217	10958	50246	114	48	52	46	8	17	15	16	16	10	9	12	1	1	1	3	3	3	3	1	0
*	3p	+	14	11381	13820	14247	10797	50245	94	44	45	39	13	11	14	20	15	16	7	20	2	4	2	1	3	4	3	2	0
*	3p	+	15	11183	14011	14031	11020	50245	84	52	50	53	24	14	15	13	15	8	6	10	2	3	1	2	4	3	3	2	0
*	3p	+	16	11337	13956	13872	11083	50248	84	55	47	37	10	6	9	18	14	10	16	9	1	1	1	5	1	4	1	2	0
*	3p	+	17	11327	13895	14220	10798	50240	107	45	47	57	11	16	4	7	16	13	6	12	2	0	1	5	3	6	7	1	0
*	3p	+	18	11163	14026	13802	11257	50248	93	54	35	62	18	8	5	10	8	14	9	11	2	1	1	4	5	0	3	2	0
*	3p	+	19	11355	13690	14202	10993	50240	94	54	45	44	16	15	5	18	13	14	9	16	2	0	3	5	8	2	3	1	0
*	3p	+	20	11058	14074	14226	10896	50254	81	50	47	40	15	12	5	14	12	6	7	17	1	2	3	0	1	2	1	0	0
*	3p	+	21	10906	14482	13962	10899	50249	92	75	38	44	14	14	11	12	6	11	9	15	3	3	1	5	2	2	1	3	0
*	3p	+	22	11209	13863	14145	11032	50249	96	69	56	41	10	9	10	12	13	5	11	16	3	3	3	3	1	2	2	4	0
*	3p	+	23	11064	13901	14439	10845	50249	75	58	51	49	9	15	7	20	5	9	15	11	1	1	6	3	2	3	1	2	0
*	3p	+	24	10926	14070	14178	11074	50248	78	56	53	34	20	6	8	14	9	15	12	16	2	4	8	2	2	0	0	5	0
*	3p	+	25	11131	13838	14178	11101	50248	94	66	42	43	11	10	11	21	8	16	15	19	3	2	3	5	2	3	2	1	0
*	3p	+	26	11062	14126	14213	10698	50099	66	57	43	45	13	13	11	10	16	14	14	18	1	1	2	1	0	2	0	2	0
*	3p	+	27	10850	14253	13636	11261	50000	69	88	44	38	10	14	13	15	18	12	11	18	0	4	2	1	1	1	2	1	0
*	3p	+	28	11112	13985	14033	10777	49907	73	68	41	50	16	9	5	19	15	10	10	16	1	0	0	4	1	0	3	1	0
*	3p	+	29	10862	13899	14371	10676	49808	73	66	39	35	17	15	7	16	10	12	14	16	2	1	3	1	2	0	0	3	0
*	3p	+	30	10941	14239	13710	10802	49692	60	69	45	44	15	14	14	16	17	12	12	20	3	1	5	2	2	6	1	1	0
*	3p	+	31	11005	13870	13855	10853	49583	68	68	29	37	11	12	9	12	12	3	11	13	1	1	1	5	4	3	1	1	0
*	3p	+	32	10871	13747	14086	10742	49446	74	87	54	43	17	12	6	17	16	13	14	13	3	3	4	4	0	6	0	1	0
*	3p	+	33	10634	13812	13741	11074	49261	61	78	35	48	11	11	10	10	16	13	19	14	2	1	3	6	3	4	1	2	0
*	3p	+	34	10833	13670	13534	11046	49083	55	88	40	47	7	10	10	14	7	13	14	16	2	3	4	6	2	3	2	5	0
*	3p	+	35	10675	13704	13792	10695	48866	56	69	42	44	10	12	10	10	10	10	14	16	5	2	3	3	3	0	1	0	0
*	3p	+	36	10692	13598	13394	10920	48604	74	91	44	33	13	14	8	12	9	17	11	23	0	3	4	1	0	3	5	2	0
*	3p	+	37	10845	13353	13352	10756	48306	65	91	45	34	11	14	9	12	7	10	10	12	4	3	6	2	1	2	2	2	0
*	3p	+	38	10640	13307	13407	10597	47951	59	82	35	54	27	10	9	21	17	14	9	20	1	4	3	4	4	2	3	3	0
*	3p	+	39	10510	13210	13079	10766	47565	69	92	53	40	24	12	6	13	15	7	16	12	3	2	3	2	1	0	3	2	0
*	3p	+	40	10670	12993	12952	10531	47146	60	89	46	42	5	10	6	13	17	10	18	21	2	1	4	1	2	0	2	3	0
*	3p	+	41	10199	13097	13065	10279	46640	57	99	38	45	14	9	13	16	17	8	12	16	3	1	4	5	2	2	0	0	0
*	3p	+	42	10200	12901	12343	10660	46104	58	93	41	33	11	14	10	16	13	10	7	16	1	4	1	4	3	0	1	1	0
*	3p	+	43	10280	12503	12367	10351	45501	52	84	35	47	9	13	6	21	9	15	7	16	2	3	3	3	3	0	3	0	0
*	3p	+	44	9775	12551	12306	10207	44839	46	114	38	29	8	12	10	11	8	15	11	16	1	1	4	5	4	2	2	1	0
*	3p	+	45	9858	12390	11560	10318	44126	52	118	40	39	16	10	11	11	13	11	9	15	3	3	1	3	0	3	1	2	0
*	3p	+	46	9843	11970	11609	9942	43364	62	97	27	47	8	11	6	14	5	6	5	14	1	1	2	2	4	0	4	1	0
*	3p	+	47	9314	11853	11565	9737	42469	50	114	36	40	7	11	8	13	11	10	12	12	1	2	2	1	1	7	2	2	0
*	3p	+	48	9441	11575	10888	9665	41569	56	120	35	35	13	13	2	15	11	6	6	16	1	2	1	2	3	2	3	3	0
*	3p	+	49	9334	11177	10700	9492	40703	48	95	36	44	18	10	11	13	8	9	9	13	2	3	1	1	0	1	3	2	0
*	3p	+	50	8912	11155	10634	9096	39797	45	112	34	27	10	8	18	14	9	15	6	20	1	2	1	3	1	3	2	2	0
*	3p	+	51	8606	10783	10315	9118	38822	56	75	36	36	11	9	7	13	10	10	9	16	0	3	3	1	4	3	1	2	0
*	3p	+	52	8555	10284	10140	8812	37791	35	105	27	35	12	12	9	20	11	5	9	14	0	2	3	2	2	4	2	0	0
*	3p	+	53	8423	9955	9815	8526	36719	46	107	41	28	11	12	7	7	11	6	8	12	2	0	4	3	1	2	0	3	0
*	3p	+	54	8150	9717	9338	8460	35665	41	98	38	25	14	13	2	9	9	10	7	14	2	2	2	5	2	0	1	1	0
*	3p	+	55	7852	9539	9070	8108	34569	44	84	30	32	8	16	8	14	7	6	8	12	1	1	2	2	2	1	0	3	0
*	3p	+	56	7639	9032	8852	7935	33458	37	89	19	25	10	10	9	8	13	16	7	5	1	0	1	0	1	1	0	0	0
*	3p	+	57	7391	8725	8434	7793	32343	41	100	34	32	6	12	7	13	16	5	8	11	1	1	1	0	1	2	0	1	0
*	3p	+	58	7026	8399	8297	7464	31186	49	108	37	29	9	11	5	9	8	5	8	5	0	1	1	0	1	0	1	1	0
*	3p	+	59	6823	8217	7908	7163	30111	39	91	27	23	9	5	7	12	8	8	6	12	0	0	0	1	0	0	1	1	0
*	3p	+	60	6558	7866	7588	7019	29031	39	89	26	13	7	13	8	11	7	9	5	9	2	1	1	2	2	2	0	0	0
*	3p	+	61	6479	7636	7036	6825	27976	26	88	21	34	7	9	5	7	11	7	7	10	0	0	1	1	1	0	1	1	0
*	3p	+	62	6143	7291	7104	6373	26911	33	90	31	24	9	12	7	8	10	3	2	10	2	2	2	2	0	2	2	0	0
*	3p	+	63	5987	7067	6629	6220	25903	25	79	25	28	4	6	5	6	5	6	7	12	0	0	4	0	0	0	1	2	0
*	3p	+	64	5596	6640	6478	6145	24859	28	73	19	24	12	10	3	2	8	7	3	8	1	3	3	0	3	0	1	1	0
*	3p	+	65	5371	6482	6122	5791	23766	22	84	21	15	6	8	2	10	4	6	0	14	2	0	3	2	1	0	2	1	0
*	3p	+	66	5183	6277	5840	5566	22866	24	61	15	20	3	3	2	7	5	7	6	9	1	2	1	2	0	1	0	2	0
*	3p	+	67	5070	5765	5672	5420	21927	27	56	16	18	2	9	5	8	3	4	5	9	2	2	0	3	1	0	3	1	0
*	3p	+	68	4777	5669	5435	5074	20955	28	62	13	16	9	6	3	9	5	4	2	7	1	0	0	1	2	1	0	2	0
*	3p	+	69	4526	5477	5199	4897	20099	23	66	16	19	3	9	4	12	4	3	6	7	0	0	2	0	1	0	0	1	0
*	3p	+	70	4400	5141	4860	4767	19168	25	59	13	17	3	10	2	3	3	3	5	5	0	0	3	3	1	0	0	2	0
*	3p	-	1	13000	11961	14287	10490	49738	437	52	109	111	65	37	121	141	99	148	60	31	0	0	0	0	0	0	0	0	1
*	3p	-	2	12251	13820	13397	10267	49735	404	48	100	67	26	29	105	112	80	100	17	28	0	0	0	0	1	1	0	1	1
*	3p	-	3	11653	13270	13737	11070	49730	249	56	87	53	20	17	59	94	46	82	18	25	0	0	1	0	6	2	0	2	1
*	3p	-	4	11938	12730	14003	11059	49730	211	50	82	45	17	20	57	73	56	87	28	21	0	2	0	2	1	1	0	8	0
*	3p	-	5	11642	13627	13706	10752	49727	184	49	59	54	13	15	14	85	22	91	16	20	2	1	5	1	6	3	1	2	0
*	3p	-	6	11550	13345	13456	11371	49722	144	41	48	54	18	20	17	33	14	20	10	20	0	6	5	1	4	5	1	7	0
*	3p	-	7	11524	13347	13728	11123	49722	142	44	35	48	7	16	13	34	18	17	16	10	1	3	1	1	7	1	5	6	0
*	3p	-	8	11146	13453	14069	11059	49727	134	42	53	57	16	14	10	23	26	22	11	16	2	3	2	4	4	4	2	3	0
*	3p	-	9	11297	13568	13684	11183	49732	106	41	53	44	12	9	12	26	14	15	13	14	2	1	0	1	3	2	4	1	0
*	3p	-	10	11448	13473	13833	10977	49731	102	56	45	46	8	9	5	19	21	17	12	13	3	3	3	4	1	2	3	2	0
*	3p	-	11	11267	13605	14200	10661	49733	93	50	43	57	10	16	12	10	15	14	12	16	2	1	0	7	3	2	4	0	0
*	3p	-	12	11111	13763	13842	11017	49733	101	50	47	37	9	9	6	17	23	17	10	11	3	5	3	0	0	6	1	2	0
*	3p	-	13	11182	13388	14176	10986	49732	113	56	50	52	13	10	8	16	7	16	8	12	3	3	4	2	3	1	4	2	0
*	3p	-	14	11300	13430	14191	10818	49739	95	56	49	50	13	11	6	18	11	8	10	10	2	0	6	9	2	0	1	0	0
*	3p	-	15	11296	13699	13857	10883	49735	86	60	51	44	12	12	7	19	10	12	13	14	2	3	5	3	2	2	1	2	0
*	3p	-	16	11372	13545	14065	10753	49735	96	48	45	44	6	10	10	17	17	12	10	15	2	2	3	3	2	3	1	1	0
*	3p	-	17	11093	13690	14127	10825	49735	92	50	54	48	8	12	6	11	12	14	10	16	1	0	1	1	1	2	2	2	0
*	3p	-	18	11025	14095	13867	10746	49733	92	44	43	36	10	13	9	17	12	14	12	10	2	2	2	1	3	3	1	2	0
*	3p	-	19	11002	13730	13971	11025	49728	88	56	42	62	15	8	5	19	15	7	16	12	1	1	3	3	3	1	2	8	0
*	3p	-	20	11078	13691	14168	10791	49728	80	47	43	39	7	8	8	12	9	11	6	11	2	0	1	1	4	2	1	5	0
*	3p	-	21	10825	14027	14096	10780	49728	76	61	46	48	17	8	8	15	17	19	5	9	1	1	1	1	2	3	5	3	0
*	3p	-	22	10923	13661	14263	10882	49729	79	53	53	51	13	9	12	11	11	10	2	15	2	1	3	2	5	1	2	3	0
*	3p	-	23	10971	13912	14071	10776	49730	83	43	42	43	10	16	13	13	13	9	13	6	1	2	3	1	4	1	1	2	0
*	3p	-	24	10895	13971	13989	10880	49735	68	55	49	42	7	8	10	15	15	11	11	16	2	3	4	2	2	0	4	0	0
*	3p	-	25	11046	13755	14043	10892	49736	54	68	35	46	20	9	7	25	19	16	6	16	4	2	5	6	2	1	1	1	0
*	3p	-	26	10917	13991	14101	10614	49623	67	50	52	41	15	14	10	18	11	10	11	15	3	1	4	0	1	2	1	3	0
*	3p	-	27	10775	13954	13865	10892	49486	53	45	52	51	17	13	6	17	12	18	9	14	4	2	1	2	1	1	1	3	0
*	3p	-	28	10794	13704	13874	11022	49394	73	71	41	44	13	13	12	11	16	5	10	13	4	1	1	5	0	1	2	3	0
*	3p	-	29	10718	13889	13958	10711	49276	74	59	48	53	13	10	12	22	16	12	9	17	1	4	2	1	2	2	3	2	0
*	3p	-	30	10616	13949	13810	10781	49156	78	60	42	43	12	11	17	16	18	14	16	12	1	2	1	5	0	0	1	1	0
*	3p	-	31	10873	13681	13699	10792	49045	66	72	35	37	20	12	11	7	5	12	17	17	0	1	1	3	1	3	0	0	0
*	3p	-	32	10673	13811	13778	10639	48901	60	74	47	49	14	21	9	7	15	9	8	15	1	1	5	4	0	1	0	3	0
*	3p	-	33	10656	13928	13334	10813	48731	64	80	50	35	17	9	9	20	8	7	11	16	3	5	4	5	0	1	1	4	0
*	3p	-	34	10746	13393	13673	10712	48524	68	69	46	31	15	15	18	10	11	16	6	16	1	3	1	3	0	2	0	1	0
*	3p	-	35	10477	13613	13588	10640	48318	60	90	41	64	12	9	10	16	13	8	11	12	1	0	1	3	3	1	3	0	0
*	3p	-	36	10577	13668	13018	10781	48044	43	93	35	41	13	11	10	18	12	10	14	14	2	2	0	4	2	2	2	3	0
*	3p	-	37	10668	13211	13276	10545	47700	66	95	40	48	9	9	9	12	14	10	16	18	3	2	5	6	2	0	0	3	0
*	3p	-	38	10580	13132	13108	10533	47353	55	80	36	56	17	13	9	11	7	21	9	13	1	2	4	5	0	1	2	2	0
*	3p	-	39	10395	13186	12807	10582	46970	59	94	41	34	7	10	9	13	10	15	11	16	0	2	2	2	0	4	2	4	0
*	3p	-	40	10351	12924	12833	10422	46530	76	86	30	41	18	8	9	16	9	10	12	10	3	1	2	1	2	0	0	4	0
*	3p	-	41	10081	12771	12774	10368	45994	62	87	40	28	14	5	13	12	10	13	8	24	1	2	4	2	2	2	1	0	0
*	3p	-	42	10180	12661	12279	10341	45461	57	90	30	35	14	12	6	15	7	8	8	14	1	1	0	7	0	0	0	1	0
*	3p	-	43	10121	12251	12422	10070	44864	68	72	48	34	6	11	9	10	12	10	7	15	1	1	2	1	2	3	0	1	0
*	3p	-	44	9835	12150	12144	10055	44184	48	89	29	38	12	17	12	19	6	14	5	18	0	0	1	2	0	1	1	0	0
*	3p	-	45	9699	12106	11669	10040	43514	51	96	44	53	9	8	11	13	10	15	9	13	1	0	2	2	1	2	2	1	0
*	3p	-	46	9739	11503	11611	9839	42692	57	83	31	36	9	13	7	13	10	14	10	11	1	2	6	0	2	2	1	1	0
*	3p	-	47	9311	11590	11514	9480	41895	40	107	39	30	11	7	9	16	8	12	1	9	0	3	0	2	1	1	0	4	0
*	3p	-	48	8961	11311	11056	9731	41059	48	94	33	42	12	9	7	12	11	9	4	17	0	0	3	2	2	1	1	2	0
*	3p	-	49	9099	10918	10732	9391	40140	44	108	32	35	8	11	8	10	7	14	11	13	4	3	0	3	0	2	3	3	0
*	3p	-	50	8860	10851	10509	8958	39178	40	88	35	28	7	4	8	14	15	9	9	13	3	0	2	2	2	0	3	0	0
*	3p	-	51	8520	10636	10081	8978	38215	44	102	38	34	9	10	11	14	14	14	6	11	0	4	3	0	1	3	1	0	0
*	3p	-	52	8411	10172	9975	8687	37245	60	101	26	27	10	12	9	6	9	12	11	13	1	0	2	2	1	1	1	2	0
*	3p	-	53	8167	9903	9649	8512	36231	41	92	32	30	12	11	6	14	16	13	7	12	0	3	4	0	1	3	0	2	0
*	3p	-	54	7949	9582	9181	8435	35147	51	104	36	25	10	10	5	14	10	7	11	11	1	3	3	0	0	0	2	2	0
*	3p	-	55	7697	9218	9033	8176	34124	38	98	32	26	16	7	7	12	10	6	2	16	2	1	4	2	0	4	1	1	0
*	3p	-	56	7504	9058	8776	7758	33096	44	111	30	22	14	15	8	12	9	11	9	10	4	0	3	3	1	0	0	1	0
*	3p	-	57	7258	8749	8319	7726	32052	43	91	19	27	10	4	5	10	8	5	8	6	0	2	0	2	1	0	1	1	0
*	3p	-	58	7072	8417	8058	7440	30987	40	80	21	17	8	12	11	16	6	5	8	11	1	2	1	3	0	0	1	2	0
*	3p	-	59	6676	8153	7907	7155	29891	31	88	27	19	9	10	6	11	8	5	2	8	2	0	0	2	1	3	1	1	0
*	3p	-	60	6582	7778	7381	7114	28855	35	83	34	23	14	6	0	5	7	8	3	13	1	0	2	1	0	1	0	0	0
*	3p	-	61	6390	7619	7103	6643	27755	29	78	23	14	11	4	9	10	7	6	11	9	2	0	0	1	2	0	0	0	0
*	3p	-	62	6109	7185	6992	6427	26713	24	61	30	22	10	7	9	4	9	10	11	7	1	0	3	2	1	0	0	0	0
*	3p	-	63	5842	6968	6589	6335	25734	21	89	24	20	8	10	7	14	6	5	5	17	0	1	1	0	0	0	0	1	0
*	3p	-	64	5751	6589	6403	6000	24743	29	63	18	20	9	5	2	6	8	7	6	16	0	0	2	1	3	0	1	0	0
*	3p	-	65	5507	6388	6058	5766	23719	21	81	23	18	6	7	6	7	10	4	4	8	1	0	0	0	0	0	1	1	0
*	3p	-	66	5309	6150	5806	5505	22770	16	66	28	27	2	12	6	6	5	2	8	9	0	1	1	1	0	0	1	1	0
*	3p	-	67	5137	5915	5547	5224	21823	27	72	19	21	4	3	4	9	8	7	3	7	1	0	0	0	0	0	1	1	0
*	3p	-	68	4887	5626	5347	5025	20885	25	69	16	14	6	7	3	5	3	4	6	5	0	0	1	0	0	0	0	0	0
*	3p	-	69	4579	5385	5101	4916	19981	20	48	17	16	7	8	4	2	8	6	6	7	1	1	1	1	0	0	0	0	0
*	3p	-	70	4444	5165	4851	4624	19084	28	63	17	11	3	4	9	6	9	1	2	6	0	0	0	0	1	0	1	0	0
*	5p	+	1	10368	14922	11453	13513	50256	80	506	71	88	69	50	26	33	29	41	94	73	0	0	0	0	0	0	0	0	8
*	5p	+	2	10411	13523	13958	12355	50247	65	400	66	56	33	50	28	25	35	28	38	58	1	1	0	0	0	1	0	0	3
*	5p	+	3	10789	13843	13260	11928	49820	68	259	70	59	27	34	54	62	55	38	43	37	1	3	2	1	2	2	2	3	1
*	5p	+	4	11076	14426	12822	11918	50242	49	234	45	58	17	20	17	23	13	20	13	27	4	0	6	5	3	5	4	2	0
*	5p	+	5	11020	14139	13254	11831	50244	49	189	48	57	16	13	10	17	9	13	16	25	3	6	5	7	4	2	3	4	0
*	5p	+	6	11421	13610	13445	11768	50244	34	170	43	42	16	16	16	10	9	9	16	19	4	3	5	6	4	5	2	1	0
*	5p	+	7	11222	14055	13452	11519	50248	62	137	41	46	7	10	5	14	18	11	8	19	5	2	1	4	4	4	1	0	0
*	5p	+	8	11176	14119	13512	11439	50246	60	108	60	48	14	18	6	14	14	15	6	19	0	2	4	2	4	3	3	1	0
*	5p	+	9	11195	13744	13738	11570	50247	54	138	43	47	11	20	6	12	10	10	7	16	1	2	5	3	2	3	4	1	0
*	5p	+	10	11084	14327	13265	11574	50250	46	108	47	41	15	5	5	22	12	14	9	13	1	3	2	1	3	0	2	2	0
*	5p	+	11	10931	14392	13604	11323	50250	60	124	43	47	15	13	15	16	15	10	8	20	1	8	3	0	3	2	3	0	0
*	5p	+	12	11163	13770	14021	11296	50250	50	124	48	42	9	14	7	9	3	8	13	22	1	1	4	3	1	3	1	3	0
*	5p	+	13	10989	14391	13507	11363	50250	53	99	24	38	13	16	12	14	17	8	7	14	2	4	2	4	2	1	3	2	0
*	5p	+	14	10843	14174	13768	11462	50247	46	88	43	35	11	17	12	17	7	16	7	16	1	4	3	7	4	1	4	2	0
*	5p	+	15	10951	14038	13849	11409	50247	65	109	45	35	10	6	7	14	14	12	7	10	3	3	4	3	2	4	2	3	0
*	5p	+	16	11027	14272	13684	11260	50243	56	90	41	38	18	11	10	12	12	17	5	14	0	1	1	3	5	3	2	5	0
*	5p	+	17	10825	14267	13922	11238	50252	53	98	41	52	15	15	10	13	7	9	11	12	5	5	4	0	1	2	3	0	0
*	5p	+	18	11135	13982	14000	11134	50251	56	83	40	58	19	8	6	9	13	3	15	19	1	0	2	2	1	3	2	1	0
*	5p	+	19	11014	13978	14024	11237	50253	57	87	52	59	8	14	7	21	12	8	12	11	3	5	3	4	1	1	3	0	0
*	5p	+	20	11034	14433	13743	11041	50251	54	77	43	39	11	14	12	18	18	12	7	19	1	1	4	1	1	1	1	4	0
*	5p	+	21	11070	14011	14015	11153	50249	54	117	50	43	17	10	14	15	17	13	10	13	3	0	5	2	1	3	0	5	0
*	5p	+	22	10745	14380	13809	11317	50251	61	106	38	34	7	10	10	10	13	3	6	17	4	1	2	2	3	0	1	3	0
*	5p	+	23	10747	14432	14024	11039	50242	58	88	33	47	13	14	9	12	12	9	6	12	1	2	1	3	3	3	3	7	0
*	5p	+	24	11052	13996	14130	11069	50247	68	95	32	37	8	11	10	15	15	8	10	17	0	4	2	2	2	4	0	5	0
*	5p	+	25	11018	14180	13804	11246	50248	54	92	42	36	13	12	9	8	10	11	9	18	0	2	5	2	1	0	6	3	0
*	5p	+	26	10712	14227	14052	11108	50099	69	74	44	44	9	10	6	12	15	7	8	12	1	1	5	3	1	0	1	3	0
*	5p	+	27	10860	14099	14136	10909	50004	51	77	43	45	21	5	6	11	10	17	7	14	2	2	1	1	3	1	1	2	0
*	5p	+	28	10998	14052	13762	11100	49912	61	83	43	46	15	12	15	10	13	13	11	17	1	1	0	3	1	0	2	0	0
*	5p	+	29	10680	14191	14086	10852	49809	51	65	35	52	8	15	5	12	15	8	8	9	0	5	2	3	3	1	1	2	0
*	5p	+	30	11110	13898	13862	10830	49700	70	71	46	46	6	12	4	16	15	12	7	11	0	2	5	2	2	2	2	0	0
*	5p	+	31	10828	14020	13793	10945	49586	62	70	61	52	9	17	10	10	15	18	7	17	1	2	0	2	4	2	1	5	0
*	5p	+	32	10669	14202	13913	10664	49448	83	77	50	48	11	17	13	14	7	17	11	9	1	0	1	2	1	3	2	2	0
*	5p	+	33	10925	13737	13897	10706	49265	74	71	51	40	9	10	10	14	10	10	8	17	0	1	1	2	2	2	3	2	0
*	5p	+	34	10784	13849	13513	10948	49094	84	60	46	41	17	14	11	17	9	8	4	8	3	3	2	2	0	1	1	1	0
*	5p	+	35	10694	13840	13725	10616	48875	70	64	55	35	9	8	7	20	12	9	15	13	2	4	1	2	0	0	4	1	0
*	5p	+	36	10838	13550	13510	10707	48605	91	53	44	47	11	9	14	15	15	16	12	17	2	1	3	7	2	0	2	2	0
*	5p	+	37	10679	13585	13361	10677	48302	93	63	51	39	16	10	13	19	12	11	10	8	0	3	4	2	5	0	1	3	0
*	5p	+	38	10728	13455	13220	10536	47939	89	61	39	29	15	9	9	22	22	10	7	16	1	2	1	2	1	2	0	6	0
*	5p	+	39	10656	13065	13411	10425	47557	69	54	42	39	16	14	15	20	12	8	9	16	3	1	3	1	2	1	1	1	0
*	5p	+	40	10691	13057	12982	10421	47151	82	52	45	37	8	10	7	10	9	10	9	21	7	0	3	1	2	2	0	2	0
*	5p	+	41	10498	12794	13031	10316	46639	94	54	41	37	4	10	7	10	13	19	12	15	3	1	4	6	3	0	2	4	0
*	5p	+	42	10361	12575	12917	10260	46113	97	69	43	37	21	8	10	13	7	20	10	15	2	2	3	4	2	3	0	1	0
*	5p	+	43	10316	12520	12286	10391	45513	98	56	40	44	7	16	9	17	18	12	11	8	0	1	1	5	0	4	1	0	0
*	5p	+	44	9965	12448	12421	10011	44845	102	59	41	29	21	10	6	14	15	10	10	16	0	1	3	3	2	2	4	2	0
*	5p	+	45	10366	11810	12178	9778	44132	89	61	51	49	6	9	10	17	16	16	15	21	1	0	2	2	2	3	0	1	0
*	5p	+	46	9999	11592	11958	9826	43375	96	56	32	40	18	8	10	14	8	8	5	13	1	1	2	1	1	2	3	2	0
*	5p	+	47	9788	11660	11506	9525	42479	102	54	45	34	17	10	6	19	5	17	6	13	2	3	3	2	2	3	1	3	0
*	5p	+	48	9602	11161	11584	9236	41583	102	52	45	44	12	6	10	22	10	14	2	18	2	2	1	2	1	3	2	0	0
*	5p	+	49	9484	10833	11090	9304	40711	98	49	42	33	5	7	12	18	9	6	6	8	0	0	0	3	3	1	1	0	0
*	5p	+	50	9199	10706	10896	9003	39804	113	49	37	38	10	17	13	21	12	8	7	9	1	1	0	2	1	4	2	0	0
*	5p	+	51	9159	10233	10782	8658	38832	100	50	29	33	11	14	9	15	11	10	7	10	2	2	0	3	2	1	1	1	0
*	5p	+	52	8792	10143	10231	8636	37802	100	37	34	41	11	14	9	19	8	10	7	9	0	0	1	1	0	1	3	0	0
*	5p	+	53	8590	9778	10066	8293	36727	77	46	30	33	11	12	6	12	11	17	3	7	0	0	2	1	2	2	2	1	0
*	5p	+	54	8479	9357	9797	8034	35667	114	43	36	28	9	10	7	17	7	5	4	15	1	0	2	5	2	2	1	2	0
*	5p	+	55	8260	9086	9307	7924	34577	90	55	28	30	5	8	5	11	9	8	7	17	1	3	1	0	2	2	0	1	0
*	5p	+	56	7885	8772	9208	7598	33463	82	42	27	38	11	3	5	17	5	7	3	13	2	1	2	0	5	1	0	1	0
*	5p	+	57	7794	8416	8691	7450	32351	95	39	16	34	7	11	7	17	16	5	5	5	1	1	1	4	2	4	0	1	0
*	5p	+	58	7466	8146	8373	7204	31189	83	37	27	36	6	7	6	10	11	10	8	12	2	0	2	0	2	3	1	1	0
*	5p	+	59	7215	7954	8202	6752	30123	95	28	21	28	6	9	3	11	9	8	4	8	2	0	4	0	1	1	0	0	0
*	5p	+	60	6976	7437	7976	6659	29048	94	28	23	15	7	9	5	12	9	14	5	5	2	0	1	0	0	2	1	1	0
*	5p	+	61	6731	7418	7385	6447	27981	70	25	29	29	5	6	2	13	10	9	7	15	0	2	1	1	1	2	1	0	0
*	5p	+	62	6452	7106	7129	6236	26923	89	31	26	34	5	5	8	17	11	4	8	8	1	0	1	0	0	0	1	0	0
*	5p	+	63	6314	6667	7066	5865	25912	81	30	28	20	6	5	5	8	4	11	7	5	0	2	0	0	0	0	0	0	0
*	5p	+	64	6149	6396	6581	5744	24870	62	20	21	32	9	9	8	8	2	7	6	8	0	2	0	1	2	0	1	1	0
*	5p	+	65	5770	6277	6314	5416	23777	56	29	14	27	9	6	8	5	13	7	5	3	1	1	2	1	1	0	0	0	0
*	5p	+	66	5504	5858	6187	5324	22873	74	20	23	33	7	6	4	11	4	14	5	9	1	1	1	1	1	1	0	1	0
*	5p	+	67	5396	5572	5847	5126	21941	69	24	16	10	9	5	3	9	9	7	2	10	2	0	1	1	0	0	0	0	0
*	5p	+	68	5037	5591	5510	4830	20968	54	17	25	18	7	4	7	13	9	5	7	12	1	0	1	1	0	0	0	0	0
*	5p	+	69	4917	5089	5476	4620	20102	73	15	25	19	7	6	5	4	6	7	3	1	1	1	0	2	0	1	0	1	0
*	5p	+	70	4677	4926	5096	4479	19178	51	22	13	13	2	6	2	8	3	7	3	1	0	1	0	2	0	0	0	0	0
*	5p	-	1	10212	14833	11217	13473	49735	74	445	64	61	44	46	38	43	29	30	73	70	0	0	0	0	0	0	0	0	2
*	5p	-	2	10334	13301	13752	12347	49734	57	374	59	65	30	44	22	27	33	21	42	51	1	2	0	2	0	0	0	0	0
*	5p	-	3	10578	13583	13170	11938	49269	74	221	83	57	40	28	54	54	46	44	49	35	3	2	0	3	0	1	0	0	0
*	5p	-	4	11034	14185	12617	11899	49735	64	243	42	47	24	17	20	18	14	22	19	27	2	1	3	2	0	3	0	0	0
*	5p	-	5	10937	14035	13187	11564	49723	48	198	44	45	20	9	11	14	15	21	12	20	2	5	1	3	4	5	3	5	0
*	5p	-	6	11562	13214	13394	11559	49729	55	151	37	39	12	20	7	16	13	14	14	17	2	0	3	5	4	4	3	1	0
*	5p	-	7	11098	14052	13157	11423	49730	61	140	53	43	17	17	8	14	12	14	7	14	3	5	1	1	2	2	5	3	0
*	5p	-	8	11110	13863	13485	11271	49729	64	133	40	40	12	9	10	16	13	9	6	14	2	3	3	1	4	4	2	3	0
*	5p	-	9	11170	13697	13626	11240	49733	51	111	47	45	16	16	11	15	8	10	9	17	2	2	4	2	1	2	2	4	0
*	5p	-	10	10855	14169	13247	11463	49734	47	109	37	60	13	8	6	14	11	4	8	17	1	1	2	5	1	3	2	2	0
*	5p	-	11	10794	14034	13793	11113	49734	55	97	47	37	12	7	6	10	13	16	5	14	2	1	2	3	3	0	3	2	0
*	5p	-	12	11172	13830	13567	11159	49728	48	110	51	42	12	17	14	9	10	11	6	9	0	3	2	0	4	4	1	4	0
*	5p	-	13	10896	14059	13251	11532	49738	58	99	40	42	6	14	11	10	12	8	3	22	0	0	1	2	0	1	2	1	0
*	5p	-	14	10697	14187	13733	11120	49737	51	108	46	51	13	9	9	16	17	15	7	15	1	2	2	0	0	0	4	1	0
*	5p	-	15	10984	13714	13803	11236	49737	54	103	45	47	9	13	6	15	12	10	10	7	2	2	3	3	0	3	1	1	0
*	5p	-	16	10787	14041	13406	11500	49734	51	94	42	52	12	11	7	23	9	14	10	14	0	0	2	8	2	2	2	2	0
*	5p	-	17	10648	14203	13775	11111	49737	58	90	36	33	11	14	10	9	13	13	10	17	1	1	3	2	2	0	2	1	0
*	5p	-	18	11030	13859	13768	11075	49732	41	95	38	35	11	12	13	21	22	10	7	9	2	3	2	2	5	2	3	0	0
*	5p	-	19	10758	14139	13663	11172	49732	57	97	38	41	19	7	10	12	12	6	6	13	2	5	3	2	1	4	1	3	0
*	5p	-	20	10764	14231	13913	10824	49732	68	90	44	40	17	9	5	11	11	6	7	15	1	0	2	4	2	2	2	4	0
*	5p	-	21	10953	13897	14159	10727	49736	51	87	44	45	8	8	8	10	12	4	9	14	3	2	4	3	0	3	1	2	0
*	5p	-	22	10689	14186	13706	11150	49731	44	85	30	44	14	7	6	14	7	10	8	11	0	1	6	2	4	2	1	4	0
*	5p	-	23	10556	14262	13855	11065	49738	57	75	44	41	9	11	8	10	13	7	4	8	2	1	2	2	2	0	1	1	0
*	5p	-	24	10797	14042	13892	11004	49735	56	83	39	30	21	9	11	9	10	15	7	11	4	2	3	3	0	0	0	7	0
*	5p	-	25	10844	14038	13658	11197	49737	56	86	38	47	13	15	13	8	7	12	12	8	1	2	1	2	1	0	3	1	0
*	5p	-	26	10617	14241	13927	10845	49630	53	75	43	38	13	12	9	14	16	9	8	13	1	0	6	0	0	1	1	1	0
*	5p	-	27	11180	13611	13906	10792	49489	65	79	48	39	13	13	11	21	18	12	13	10	0	2	1	3	1	1	0	4	0
*	5p	-	28	10765	14074	13653	10907	49399	75	63	52	42	14	11	7	13	13	11	10	8	2	2	3	2	0	0	1	0	0
*	5p	-	29	10771	13933	13813	10765	49282	57	54	49	42	10	4	15	16	15	8	3	11	1	1	0	3	1	1	2	1	0
*	5p	-	30	10772	13736	14075	10572	49155	51	63	44	48	9	8	8	16	11	11	6	17	3	1	5	4	0	0	1	3	0
*	5p	-	31	10753	13874	13672	10753	49052	68	67	56	44	16	6	5	16	11	8	8	13	1	3	3	4	1	1	1	0	0
*	5p	-	32	10622	13821	13796	10665	48904	59	64	39	37	9	7	15	17	13	8	6	8	0	0	3	2	0	0	2	3	0
*	5p	-	33	10954	13427	13688	10664	48733	79	50	38	33	8	13	10	9	7	11	14	13	3	2	4	2	3	3	2	1	0
*	5p	-	34	10734	13601	13320	10868	48523	80	92	52	44	10	11	14	15	10	13	8	14	3	0	4	3	1	0	5	3	0
*	5p	-	35	10333	13781	13463	10745	48322	67	79	43	42	12	13	9	16	14	15	13	13	1	2	3	0	0	2	2	5	0
*	5p	-	36	10815	13446	13483	10305	48049	72	48	49	27	20	12	12	12	12	7	7	19	2	0	2	2	2	2	1	1	0
*	5p	-	37	10718	13387	12981	10614	47700	80	58	34	46	11	10	9	13	14	8	6	11	0	2	1	5	3	0	0	1	0
*	5p	-	38	10371	13239	13154	10579	47343	82	56	62	37	15	11	7	18	8	8	7	12	1	2	3	3	1	3	3	3	0
*	5p	-	39	10670	12733	13180	10390	46973	79	58	39	34	16	12	4	9	10	13	10	15	1	2	3	3	1	1	2	2	0
*	5p	-	40	10556	12789	12737	10457	46539	86	52	35	39	13	12	4	27	11	13	9	10	1	1	4	1	2	0	3	2	0
*	5p	-	41	10276	12643	12955	10131	46005	90	57	43	47	15	14	8	19	15	9	7	14	2	1	1	3	2	0	0	1	0
*	5p	-	42	10486	12304	12769	9905	45464	106	37	33	37	12	8	6	21	17	8	9	12	1	2	4	0	3	0	1	2	0
*	5p	-	43	10352	12257	12141	10119	44869	97	53	43	39	8	19	15	17	21	11	12	10	2	1	4	1	1	0	2	4	0
*	5p	-	44	9986	12142	12315	9736	44179	109	61	41	48	12	15	7	16	24	11	17	20	1	2	1	3	3	7	0	1	0
*	5p	-	45	10053	11583	12031	9853	43520	83	57	43	33	9	14	9	13	24	18	7	15	3	2	1	3	3	0	2	3	0
*	5p	-	46	9703	11679	11659	9662	42703	94	54	32	38	8	10	12	21	10	13	5	6	1	3	2	1	0	3	0	1	0
*	5p	-	47	9542	11481	11632	9250	41905	94	52	40	26	6	13	11	17	10	15	11	18	2	0	0	3	1	0	1	1	0
*	5p	-	48	9462	10920	11353	9331	41066	85	54	38	53	10	11	6	20	12	12	8	8	0	1	2	2	0	3	1	2	0
*	5p	-	49	9428	10666	10898	9155	40147	92	47	30	37	18	16	6	19	11	8	4	13	1	0	2	0	1	2	2	3	0
*	5p	-	50	9007	10629	10735	8814	39185	96	41	34	35	8	9	15	17	13	13	9	6	1	1	2	1	1	0	2	1	0
*	5p	-	51	9046	9955	10685	8540	38226	82	36	34	30	10	5	11	11	7	11	9	15	0	0	0	2	0	1	0	0	0
*	5p	-	52	8882	9922	10026	8428	37258	88	45	29	32	5	8	5	15	9	16	8	14	0	2	1	1	2	1	0	2	0
*	5p	-	53	8520	9601	9839	8277	36237	84	32	26	39	12	7	10	12	12	9	9	14	0	1	2	0	1	0	2	2	0
*	5p	-	54	8202	9237	9704	8013	35156	105	35	31	27	14	12	11	17	2	11	6	13	2	1	1	0	2	0	1	1	0
*	5p	-	55	7998	9126	9183	7831	34138	98	31	32	31	7	11	9	14	6	18	11	15	3	0	0	3	2	2	0	0	0
*	5p	-	56	7731	8869	9015	7485	33100	79	43	26	39	8	7	3	13	9	13	12	12	1	4	1	1	2	1	1	1	0
*	5p	-	57	7711	8289	8773	7284	32057	83	36	30	34	10	10	6	10	7	6	7	14	2	2	1	3	0	0	1	0	0
*	5p	-	58	7337	8087	8290	7287	31001	90	33	25	27	18	9	8	15	8	9	5	9	1	0	2	2	1	1	0	0	0
*	5p	-	59	7119	7878	8154	6751	29902	81	32	35	24	11	7	12	13	7	14	7	6	0	2	3	1	0	1	0	0	0
*	5p	-	60	6988	7434	7820	6618	28860	54	31	17	36	7	7	9	11	14	5	4	6	3	2	0	3	1	0	2	2	0
*	5p	-	61	6608	7337	7442	6372	27759	76	25	24	20	4	4	8	12	4	12	4	5	1	2	0	2	3	1	1	1	0
*	5p	-	62	6285	7030	7274	6123	26712	61	19	26	32	7	8	7	8	10	8	2	6	1	0	2	1	1	3	1	2	0
*	5p	-	63	6245	6637	7032	5822	25736	66	25	32	33	8	4	5	13	9	13	3	7	0	1	3	4	0	1	0	2	0
*	5p	-	64	6054	6435	6480	5787	24756	56	29	17	16	7	6	3	14	10	11	7	10	2	1	2	1	0	1	0	0	0
*	5p	-	65	5600	6165	6437	5524	23726	79	32	17	27	7	4	6	12	7	10	7	6	1	0	0	1	0	0	0	1	0
*	5p	-	66	5467	5956	6078	5277	22778	64	30	23	18	5	3	6	9	5	5	3	3	0	1	2	0	0	0	1	1	0
*	5p	-	67	5277	5656	5801	5096	21830	58	28	25	27	4	5	4	8	6	6	7	9	0	0	0	0	1	0	0	1	0
*	5p	-	68	5043	5347	5658	4841	20889	63	18	18	22	3	9	3	6	2	12	6	9	0	0	0	0	1	0	0	1	0
*	5p	-	69	4863	5168	5378	4574	19983	61	19	18	16	5	6	6	12	10	5	4	8	0	1	1	1	0	1	0	1	0
*	5p	-	70	4660	4807	5189	4433	19089	57	25	14	15	8	2	6	7	9	5	3	6	2	0	1	1	0	0	0	0	0
