# table produced by mapDamage version 2.0.1-10-g0a7fa27-dirty
# using mapped file - and 000_prefixes/Pi_mito.fasta as reference file
# Chr: reference from sam/bam header, End: from which termini of DNA sequences, Std: strand of reads
Chr	End	Std	Pos	A	C	G	T	Total	G>A	C>T	A>G	T>C	A>C	A>T	C>G	C>A	T>G	T>A	G>C	G>T	A>-	T>-	C>-	G>-	->A	->T	->C	->G	S
*	3p	+	1	1355	306	445	1527	3633	19	5	13	12	5	15	7	9	9	23	5	4	0	0	0	0	0	0	0	0	0
*	3p	+	2	1655	279	356	1343	3633	8	4	7	18	4	14	4	5	5	24	6	3	0	0	0	0	0	0	0	0	0
*	3p	+	3	1574	268	408	1383	3633	12	1	5	12	1	13	1	2	2	22	5	3	0	0	0	0	0	0	0	0	0
*	3p	+	4	1537	291	356	1447	3631	8	3	6	18	1	14	3	4	9	16	0	1	0	0	0	0	2	0	0	0	0
*	3p	+	5	1507	325	337	1464	3633	8	0	2	1	0	12	3	4	7	18	0	1	0	0	0	0	0	0	0	0	0
*	3p	+	6	1463	334	353	1478	3628	6	2	2	2	4	11	2	6	2	16	1	3	0	1	0	0	3	0	1	1	0
*	3p	+	7	1423	366	374	1466	3629	7	5	0	8	1	8	0	3	1	6	0	1	1	0	0	0	1	0	2	1	0
*	3p	+	8	1492	288	400	1445	3625	1	2	3	13	1	8	0	0	1	12	1	1	1	0	0	0	3	2	2	1	0
*	3p	+	9	1399	411	392	1421	3623	9	2	5	5	6	7	0	4	1	11	0	4	2	2	2	0	6	1	1	2	0
*	3p	+	10	1396	412	432	1388	3628	4	3	0	3	1	4	1	5	2	6	0	0	4	2	1	2	1	2	0	1	0
*	3p	+	11	1448	410	413	1357	3628	5	6	1	8	2	13	0	4	1	9	0	0	3	2	1	2	1	4	0	0	0
*	3p	+	12	1342	472	455	1354	3623	5	2	3	4	1	4	0	1	0	7	0	0	4	2	1	1	1	5	1	3	0
*	3p	+	13	1397	387	490	1342	3616	2	1	4	2	1	3	0	4	2	8	0	0	2	2	3	2	4	8	1	4	0
*	3p	+	14	1482	409	472	1262	3625	4	1	5	4	2	2	0	0	0	4	1	0	2	1	2	3	2	2	1	3	0
*	3p	+	15	1322	439	481	1377	3619	2	1	1	3	0	3	1	0	1	1	0	0	1	1	2	0	3	8	2	1	0
*	3p	+	16	1392	386	504	1338	3620	3	6	4	5	1	2	0	2	1	5	0	0	3	3	1	0	3	2	3	5	0
*	3p	+	17	1441	403	495	1282	3621	0	2	6	2	4	4	0	2	1	5	0	3	1	2	0	0	8	1	2	1	0
*	3p	+	18	1409	400	412	1409	3630	4	7	2	10	3	6	0	2	0	3	0	1	0	2	0	0	2	0	1	0	0
*	3p	+	19	1437	402	428	1366	3633	2	7	3	2	2	6	1	1	2	4	1	4	3	0	0	0	0	0	0	0	0
*	3p	+	20	1442	383	412	1388	3625	6	4	2	4	3	8	0	1	2	5	0	7	1	1	2	0	3	5	0	0	0
*	3p	+	21	1400	384	434	1414	3632	0	1	3	2	0	2	0	2	3	4	0	2	0	3	0	0	0	0	1	0	0
*	3p	+	22	1421	369	454	1386	3630	3	4	0	3	0	12	0	0	4	2	0	3	0	1	1	0	3	0	0	0	0
*	3p	+	23	1455	352	414	1411	3632	5	1	4	8	3	16	1	0	1	10	0	1	2	1	0	0	0	0	1	0	0
*	3p	+	24	1397	352	413	1467	3629	3	4	5	12	6	25	0	1	4	10	0	6	4	2	1	0	3	1	0	0	0
*	3p	+	25	1502	384	388	1358	3632	11	8	11	16	10	57	1	4	3	28	0	6	5	1	1	0	0	0	1	0	0
*	3p	+	26	1250	351	401	1269	3271	8	8	6	5	5	60	3	7	4	28	0	3	3	1	0	0	0	0	0	0	0
*	3p	+	27	1187	327	327	1136	2977	2	6	11	12	14	39	2	3	4	48	10	8	1	4	0	0	0	0	0	0	0
*	3p	+	28	1101	335	398	940	2774	10	11	8	6	11	41	0	3	4	27	4	12	0	1	0	0	0	0	0	0	0
*	3p	+	29	1055	318	361	826	2560	11	11	10	4	9	43	0	4	3	12	3	3	1	0	0	0	1	5	0	0	0
*	3p	+	30	931	290	333	828	2382	5	1	5	3	5	18	1	4	2	28	0	5	2	0	0	1	0	1	0	0	0
*	3p	+	31	870	260	325	797	2252	7	5	7	10	0	26	1	2	3	22	0	5	1	2	0	0	0	2	0	0	0
*	3p	+	32	816	247	290	763	2116	1	7	11	6	4	21	0	0	2	17	2	4	2	1	0	0	1	1	0	0	0
*	3p	+	33	698	252	324	725	1999	5	2	8	2	4	18	0	2	0	6	4	1	3	5	2	2	2	2	3	0	0
*	3p	+	34	703	217	317	683	1920	3	1	4	3	4	27	0	1	0	25	1	0	1	2	0	0	0	1	2	0	0
*	3p	+	35	647	236	294	644	1821	3	4	6	4	1	20	2	8	3	18	2	2	5	1	0	0	0	0	0	0	0
*	3p	+	36	596	241	321	570	1728	4	3	2	9	2	18	0	9	7	24	0	7	3	0	2	0	1	1	0	0	0
*	3p	+	37	560	239	313	536	1648	6	2	11	0	3	16	1	1	2	15	1	5	1	3	0	0	1	2	0	0	0
*	3p	+	38	513	213	301	545	1572	4	8	2	3	1	19	0	2	0	25	0	2	0	4	1	0	0	0	0	0	0
*	3p	+	39	532	245	243	484	1504	7	0	5	2	5	13	1	1	3	11	2	2	1	2	0	0	0	0	0	0	0
*	3p	+	40	469	227	278	465	1439	8	6	2	3	3	8	0	5	0	8	0	0	4	0	0	0	0	0	0	0	0
*	3p	+	41	421	198	294	461	1374	0	3	1	1	8	10	1	2	2	7	0	0	2	0	0	0	0	1	0	0	0
*	3p	+	42	440	235	264	384	1323	0	3	4	2	2	5	2	0	1	6	1	5	0	1	0	0	0	1	0	0	0
*	3p	+	43	414	222	267	383	1286	5	1	2	2	2	18	0	1	4	6	0	2	0	0	0	0	0	3	0	0	0
*	3p	+	44	423	186	283	351	1243	5	2	3	1	5	9	0	4	0	2	1	3	2	0	0	0	1	0	0	0	0
*	3p	+	45	398	192	221	394	1205	8	3	2	5	5	10	2	5	0	5	0	1	1	1	0	0	0	0	0	0	0
*	3p	+	46	366	209	224	357	1156	1	8	1	0	0	10	0	4	0	1	2	0	1	0	0	0	0	0	0	0	0
*	3p	+	47	311	216	237	359	1123	8	1	2	7	0	2	0	8	1	4	0	1	2	0	0	1	0	0	2	0	0
*	3p	+	48	330	178	200	377	1085	0	1	0	3	0	2	0	3	1	6	0	0	2	0	0	1	1	0	0	0	0
*	3p	+	49	313	187	234	313	1047	10	0	0	4	3	6	0	6	0	3	2	1	3	0	0	0	2	0	0	0	0
*	3p	+	50	302	171	222	318	1013	0	1	0	4	0	0	0	0	0	4	0	1	0	0	1	0	0	0	0	0	0
*	3p	+	51	318	209	164	296	987	0	1	1	4	0	6	0	10	2	6	2	0	0	0	0	0	0	0	0	0	0
*	3p	+	52	306	184	191	276	957	2	1	2	1	2	4	0	1	2	0	0	1	0	0	1	0	0	0	0	0	0
*	3p	+	53	274	157	227	262	920	4	0	0	6	3	1	0	2	2	1	0	3	0	1	0	0	0	0	0	0	0
*	3p	+	54	251	178	170	282	881	1	0	1	0	0	4	0	3	0	0	0	2	0	0	1	0	0	0	0	0	0
*	3p	+	55	256	158	188	237	839	0	5	1	0	1	0	0	3	0	1	0	0	0	0	0	0	0	0	0	0	0
*	3p	+	56	245	132	198	234	809	0	0	1	0	0	0	0	0	1	2	0	0	1	0	0	0	0	0	0	0	0
*	3p	+	57	234	124	175	251	784	0	2	2	1	0	0	0	0	5	2	0	0	0	0	0	0	0	0	0	0	0
*	3p	+	58	219	163	146	229	757	0	6	0	3	0	1	1	0	0	0	0	0	0	0	0	0	0	0	0	0	0
*	3p	+	59	219	118	174	228	739	0	1	0	1	0	0	0	0	0	0	0	0	0	0	0	0	0	0	0	0	0
*	3p	+	60	197	114	163	232	706	0	1	1	3	0	1	1	0	0	0	0	0	0	0	0	0	0	1	0	0	0
*	3p	+	61	226	118	157	171	672	0	2	0	0	0	0	0	0	0	1	0	0	0	0	0	0	0	0	0	1	0
*	3p	+	62	207	128	139	179	653	0	4	1	0	4	3	0	0	0	2	0	0	0	0	0	0	0	1	0	0	0
*	3p	+	63	189	119	143	184	635	0	3	3	0	5	2	0	0	0	1	0	0	0	0	0	0	0	0	0	1	0
*	3p	+	64	188	127	121	180	616	2	1	5	0	2	1	0	0	3	1	0	0	0	0	0	0	0	0	0	0	0
*	3p	+	65	172	85	148	189	594	0	0	0	0	0	0	0	0	0	1	0	0	0	0	0	0	0	0	0	0	0
*	3p	+	66	194	89	115	168	566	0	0	0	1	0	4	0	0	0	1	0	0	1	0	0	0	0	0	0	0	0
*	3p	+	67	159	98	118	169	544	1	1	5	3	1	1	0	0	0	4	0	0	0	0	0	0	0	0	0	0	0
*	3p	+	68	147	97	131	146	521	0	1	2	2	0	2	0	0	0	0	0	0	0	0	0	0	0	0	0	0	0
*	3p	+	69	131	109	112	147	499	0	2	0	0	1	0	0	0	0	2	0	0	1	0	0	0	0	0	1	0	0
*	3p	+	70	137	77	110	149	473	0	0	0	1	0	1	0	0	1	1	0	0	0	0	0	0	0	0	0	0	0
*	3p	-	1	1219	337	328	1634	3518	22	4	9	10	11	19	6	4	11	30	0	3	0	0	0	0	0	0	0	0	0
*	3p	-	2	1502	356	250	1409	3517	12	4	3	15	6	17	3	13	8	47	1	3	0	0	0	0	1	0	0	0	0
*	3p	-	3	1361	334	299	1520	3514	7	4	8	8	3	11	2	9	6	24	0	10	0	0	0	0	1	3	0	0	0
*	3p	-	4	1433	336	302	1443	3514	5	3	6	4	4	11	1	6	2	27	0	2	0	0	0	0	3	0	0	1	0
*	3p	-	5	1346	337	312	1517	3512	11	4	1	5	8	8	0	4	2	16	0	2	0	0	0	0	5	1	0	0	0
*	3p	-	6	1389	380	294	1453	3516	4	5	9	4	5	9	0	5	5	17	2	4	0	1	1	1	0	0	0	2	0
*	3p	-	7	1317	414	274	1507	3512	8	4	7	5	5	9	1	4	4	4	1	0	1	2	1	0	3	1	1	1	0
*	3p	-	8	1312	379	347	1474	3512	6	5	5	1	2	6	0	1	2	10	0	4	2	1	2	0	3	2	0	1	0
*	3p	-	9	1336	433	343	1399	3511	13	3	5	0	2	6	0	1	2	3	1	4	0	2	2	2	3	4	0	0	0
*	3p	-	10	1334	428	337	1409	3508	4	4	0	1	2	6	0	4	0	5	1	6	0	2	2	1	1	3	5	0	0
*	3p	-	11	1331	407	376	1396	3510	5	12	2	4	1	8	0	0	3	7	0	2	3	1	3	0	5	2	0	1	0
*	3p	-	12	1284	455	379	1387	3505	0	4	4	1	1	7	1	1	0	8	2	1	1	3	0	0	2	7	2	2	0
*	3p	-	13	1276	447	406	1376	3505	2	9	5	3	2	8	2	2	3	8	1	4	0	3	2	0	3	3	5	1	0
*	3p	-	14	1342	460	380	1325	3507	0	2	4	5	2	3	1	0	6	3	0	0	3	0	1	0	0	6	3	2	0
*	3p	-	15	1250	512	408	1339	3509	3	3	5	4	1	1	0	1	1	2	0	6	0	0	0	1	4	3	0	2	0
*	3p	-	16	1349	455	404	1305	3513	2	3	10	1	1	10	0	0	6	1	1	6	2	1	0	0	2	1	2	0	0
*	3p	-	17	1404	446	351	1305	3506	2	7	5	1	0	3	1	1	1	2	0	9	2	1	0	0	0	5	0	7	0
*	3p	-	18	1314	505	365	1329	3513	4	3	7	3	1	2	0	0	1	7	0	3	1	1	0	0	1	1	0	3	0
*	3p	-	19	1386	450	394	1280	3510	2	8	4	4	3	6	0	0	2	7	0	5	1	0	0	0	0	1	2	5	0
*	3p	-	20	1501	379	402	1227	3509	0	4	1	3	5	4	1	2	2	5	0	7	1	3	1	0	2	2	1	4	0
*	3p	-	21	1381	447	341	1340	3509	4	7	3	3	0	3	1	1	0	3	0	0	2	3	0	1	2	5	2	0	0
*	3p	-	22	1446	409	352	1305	3512	0	7	5	5	0	2	0	1	2	8	0	3	6	5	0	4	4	1	1	0	0
*	3p	-	23	1448	396	332	1340	3516	2	4	6	4	3	5	1	1	1	6	0	3	1	4	0	0	1	1	0	0	0
*	3p	-	24	1359	447	306	1404	3516	3	7	8	4	3	14	3	11	2	19	0	3	2	0	0	0	1	0	0	0	0
*	3p	-	25	1391	399	315	1411	3516	3	6	4	12	9	35	2	2	12	36	3	0	3	1	0	0	0	2	0	0	0
*	3p	-	26	1236	358	318	1201	3113	11	5	12	5	1	32	0	5	20	34	3	3	1	1	0	3	2	0	4	0	0
*	3p	-	27	1059	351	320	1081	2811	13	4	2	4	3	20	3	7	1	45	2	5	0	1	1	0	2	0	1	2	0
*	3p	-	28	972	306	324	991	2593	7	2	4	6	2	25	1	0	5	26	0	1	1	2	0	0	2	3	0	0	0
*	3p	-	29	919	293	283	913	2408	7	5	3	8	3	31	1	6	5	32	1	5	3	0	0	0	0	0	2	0	0
*	3p	-	30	796	325	300	818	2239	3	6	5	7	3	27	3	2	1	20	0	1	1	7	0	0	2	0	2	0	0
*	3p	-	31	742	341	280	759	2122	4	3	7	4	4	36	1	2	2	20	0	0	1	9	0	1	0	0	2	0	0
*	3p	-	32	762	312	228	707	2009	5	0	6	2	8	25	0	11	1	18	0	3	5	0	0	2	0	0	0	1	0
*	3p	-	33	675	295	264	662	1896	5	1	2	3	0	18	3	0	1	15	0	0	0	1	2	1	3	0	0	0	0
*	3p	-	34	627	269	269	613	1778	3	2	4	2	0	15	2	1	3	10	0	0	3	6	0	0	0	4	0	0	0
*	3p	-	35	672	261	210	546	1689	3	2	7	3	3	17	3	1	1	15	3	3	1	1	0	2	0	1	0	0	0
*	3p	-	36	571	279	221	539	1610	2	6	5	6	2	14	0	5	2	15	2	0	2	2	0	0	2	0	0	0	0
*	3p	-	37	515	294	223	507	1539	5	1	4	9	2	19	0	2	4	15	0	7	2	1	0	0	0	1	1	0	0
*	3p	-	38	516	224	219	528	1487	3	2	2	12	4	14	1	0	0	19	0	3	1	0	0	0	0	0	0	0	0
*	3p	-	39	470	243	213	487	1413	9	0	4	6	5	21	0	3	5	22	0	5	0	0	0	0	0	0	0	0	0
*	3p	-	40	418	242	198	493	1351	15	0	1	8	1	13	0	3	6	15	2	1	0	0	0	0	1	0	0	0	0
*	3p	-	41	447	230	186	428	1291	4	2	9	3	1	10	0	4	2	14	0	4	0	1	0	0	1	1	0	0	0
*	3p	-	42	371	262	195	410	1238	5	4	7	8	4	6	0	2	0	19	0	3	1	0	0	0	0	0	0	2	0
*	3p	-	43	422	218	187	363	1190	2	1	1	5	1	13	0	0	0	10	0	5	0	0	1	0	0	0	0	0	0
*	3p	-	44	378	207	191	362	1138	6	1	1	3	0	11	0	0	5	3	0	2	1	0	0	0	0	1	0	0	0
*	3p	-	45	353	247	164	343	1107	1	0	7	5	2	5	0	3	0	5	0	0	0	2	0	0	0	0	0	0	0
*	3p	-	46	349	233	155	329	1066	0	5	3	3	1	7	0	2	2	14	0	0	0	2	0	0	0	0	0	0	0
*	3p	-	47	357	227	131	313	1028	2	0	8	1	1	6	0	0	0	16	0	4	1	0	1	0	0	0	0	0	0
*	3p	-	48	294	228	147	326	995	3	0	3	1	2	7	0	1	1	7	0	1	0	1	0	0	0	0	0	0	0
*	3p	-	49	273	227	149	304	953	2	6	3	2	0	6	0	2	1	2	0	1	0	0	1	0	0	0	0	0	0
*	3p	-	50	304	229	122	262	917	1	0	1	1	1	7	1	0	2	4	0	1	2	0	0	0	0	0	0	0	0
*	3p	-	51	284	204	136	259	883	2	0	9	0	2	4	0	2	0	6	0	3	2	0	0	0	0	0	1	0	0
*	3p	-	52	262	198	135	257	852	0	4	3	1	3	1	1	0	0	5	0	0	0	0	0	0	0	0	0	0	0
*	3p	-	53	247	191	111	283	832	2	0	1	1	3	3	0	0	0	3	0	0	0	0	0	0	0	0	0	0	0
*	3p	-	54	233	185	122	259	799	1	0	1	1	0	0	1	0	2	1	0	0	0	0	0	0	1	0	0	0	0
*	3p	-	55	212	183	138	233	766	1	2	5	0	0	2	0	0	0	2	0	0	0	0	0	0	0	0	0	0	0
*	3p	-	56	234	180	101	224	739	0	1	5	2	1	0	0	0	0	4	0	0	0	0	1	0	0	0	0	0	0
*	3p	-	57	170	184	117	237	708	1	1	0	0	0	0	0	3	0	1	0	0	0	0	1	0	0	0	0	0	0
*	3p	-	58	198	177	123	191	689	1	0	1	0	0	3	0	0	0	1	1	0	0	0	0	0	0	0	0	0	0
*	3p	-	59	209	138	104	205	656	0	0	0	1	0	0	0	1	0	2	0	2	0	0	0	0	0	0	0	0	0
*	3p	-	60	206	137	115	174	632	2	0	3	0	0	1	0	0	0	3	0	0	0	0	0	0	0	0	0	0	0
*	3p	-	61	189	154	110	158	611	1	0	1	0	0	0	0	0	0	0	0	0	0	0	0	0	0	0	0	0	0
*	3p	-	62	172	130	102	187	591	0	0	2	2	0	0	0	0	0	0	0	0	0	1	0	0	0	0	0	0	0
*	3p	-	63	151	134	91	198	574	1	2	2	0	0	0	0	0	0	5	0	0	0	0	0	0	0	0	0	0	0
*	3p	-	64	150	116	101	183	550	2	1	3	0	0	5	0	0	1	2	0	0	0	0	0	1	0	0	0	0	0
*	3p	-	65	174	127	72	157	530	0	1	2	1	1	0	0	0	0	4	0	0	0	0	0	0	0	0	0	0	0
*	3p	-	66	119	124	105	170	518	1	3	2	0	1	1	0	0	0	1	0	0	0	0	0	0	0	0	0	0	0
*	3p	-	67	140	133	80	149	502	0	0	1	0	0	1	0	0	0	0	0	1	0	0	0	0	0	0	0	0	0
*	3p	-	68	153	104	82	145	484	3	1	2	0	0	0	0	0	1	1	0	0	0	0	0	0	0	0	0	0	0
*	3p	-	69	150	96	80	143	469	0	3	1	0	0	1	0	2	0	0	0	0	0	0	0	0	0	0	0	0	0
*	3p	-	70	149	101	59	141	450	1	2	0	0	0	1	0	0	0	2	0	0	0	0	0	0	0	0	0	0	0
*	5p	+	1	1565	344	410	1314	3633	49	34	57	40	59	226	8	39	22	206	14	32	0	0	0	0	0	0	0	0	4
*	5p	+	2	1483	319	379	1449	3630	21	29	32	27	24	194	3	12	14	102	11	37	2	1	2	0	0	3	0	0	3
*	5p	+	3	1540	339	343	1403	3625	14	15	15	19	17	90	3	9	9	47	4	13	9	4	0	0	1	6	1	0	2
*	5p	+	4	1533	338	339	1410	3620	7	14	9	9	11	43	2	6	4	38	2	12	10	6	4	2	6	5	2	0	0
*	5p	+	5	1522	328	326	1448	3624	1	2	6	13	6	30	2	5	10	24	2	3	8	9	1	1	3	2	4	0	0
*	5p	+	6	1531	332	341	1415	3619	1	6	7	4	7	9	0	5	5	13	0	5	10	8	0	2	5	4	5	0	0
*	5p	+	7	1544	334	366	1385	3629	1	10	3	1	3	14	1	1	1	6	2	2	5	3	1	0	2	2	0	0	0
*	5p	+	8	1510	363	379	1378	3630	4	6	1	5	4	8	0	3	3	4	1	3	1	0	3	0	1	1	1	0	0
*	5p	+	9	1554	352	380	1343	3629	3	3	6	6	3	6	0	4	1	6	0	3	4	2	0	0	1	1	2	0	0
*	5p	+	10	1472	343	466	1339	3620	4	6	2	2	2	6	0	2	2	4	1	1	6	2	0	0	7	2	1	3	0
*	5p	+	11	1387	407	440	1381	3615	3	4	4	3	0	4	0	1	1	5	0	1	2	3	1	0	5	9	4	0	0
*	5p	+	12	1413	429	449	1332	3623	6	2	4	5	1	5	2	3	2	5	1	0	2	2	0	0	3	1	0	6	0
*	5p	+	13	1395	461	445	1314	3615	0	1	7	7	1	1	1	3	3	5	0	0	3	0	1	2	5	4	2	7	0
*	5p	+	14	1390	450	434	1348	3622	6	7	3	8	1	4	0	1	1	4	0	0	1	2	0	0	2	8	0	1	0
*	5p	+	15	1335	441	470	1378	3624	5	1	1	7	5	10	0	4	2	11	0	0	1	2	2	2	2	6	1	0	0
*	5p	+	16	1435	459	437	1296	3627	2	5	2	7	1	5	1	10	2	6	0	0	2	3	3	2	2	2	0	1	0
*	5p	+	17	1412	436	431	1347	3626	7	5	6	4	7	7	0	7	0	9	0	1	5	3	0	0	3	1	1	2	0
*	5p	+	18	1416	405	447	1356	3624	6	4	7	3	1	3	0	5	0	8	0	1	4	0	5	2	4	2	2	1	0
*	5p	+	19	1379	407	424	1419	3629	7	1	3	3	0	7	0	10	1	8	1	1	2	0	2	1	2	0	1	1	0
*	5p	+	20	1408	354	410	1460	3632	4	3	2	1	1	8	0	3	0	10	0	3	0	0	0	1	0	0	1	0	0
*	5p	+	21	1455	357	376	1443	3631	11	0	4	2	0	9	0	3	1	11	0	2	1	0	0	0	0	0	1	1	0
*	5p	+	22	1430	369	442	1392	3633	5	1	1	2	3	7	0	1	1	9	1	2	1	1	0	0	0	0	0	0	0
*	5p	+	23	1419	377	422	1415	3633	3	5	2	6	1	5	0	2	4	6	1	2	1	0	0	0	0	0	0	0	0
*	5p	+	24	1484	357	391	1401	3633	6	1	1	3	0	9	1	2	0	10	2	0	0	0	0	0	0	0	0	0	0
*	5p	+	25	1398	365	445	1425	3633	2	6	1	5	0	8	0	5	1	16	1	0	0	0	0	0	0	0	0	0	0
*	5p	+	26	1321	336	392	1222	3271	7	2	2	4	4	1	0	1	3	8	1	2	0	0	0	0	0	0	0	0	0
*	5p	+	27	1222	330	382	1043	2977	2	2	1	2	2	2	0	1	2	2	0	0	0	0	0	0	0	0	0	0	0
*	5p	+	28	1064	323	376	1011	2774	2	1	0	3	0	1	0	0	0	3	0	0	0	0	0	0	0	0	0	0	0
*	5p	+	29	942	288	362	974	2566	4	0	4	1	1	3	0	0	1	4	0	0	1	0	0	0	0	0	0	0	0
*	5p	+	30	844	312	338	889	2383	4	0	0	4	2	1	1	0	0	3	0	0	0	0	1	0	0	0	0	0	0
*	5p	+	31	820	308	314	812	2254	0	4	0	2	3	2	0	0	1	0	2	0	0	0	0	0	0	0	0	0	0
*	5p	+	32	752	266	382	718	2118	5	3	0	2	0	0	0	0	2	0	0	0	0	0	0	0	0	0	0	0	0
*	5p	+	33	743	250	319	694	2006	4	0	4	2	1	1	0	0	0	0	0	0	0	0	0	0	0	0	0	0	0
*	5p	+	34	639	262	357	665	1923	0	0	2	5	0	0	0	0	0	0	0	0	0	1	0	0	0	0	0	0	0
*	5p	+	35	636	270	312	602	1820	1	3	1	0	0	1	0	0	2	0	0	1	0	0	0	0	0	1	0	0	0
*	5p	+	36	600	247	304	578	1729	0	0	1	0	0	1	0	0	0	0	0	0	0	0	0	0	0	1	0	0	0
*	5p	+	37	596	239	278	538	1651	4	3	3	2	1	1	0	1	0	0	0	0	0	0	0	0	0	0	0	0	0
*	5p	+	38	534	199	279	560	1572	0	0	5	6	2	2	0	0	1	1	0	0	0	0	0	0	0	0	0	0	0
*	5p	+	39	476	216	287	525	1504	0	1	0	3	0	1	0	0	1	1	0	0	0	0	0	0	0	0	0	0	0
*	5p	+	40	480	194	277	488	1439	1	2	0	0	0	0	0	0	0	0	0	0	1	0	0	0	0	0	0	0	0
*	5p	+	41	453	220	267	435	1375	0	3	0	2	0	2	0	0	0	0	0	0	0	0	0	0	0	0	0	0	0
*	5p	+	42	438	198	235	453	1324	2	0	0	5	0	2	0	0	0	1	1	0	0	0	0	0	0	0	0	0	0
*	5p	+	43	370	209	259	449	1287	1	2	1	6	0	0	0	0	0	0	0	1	0	0	0	0	0	2	0	0	0
*	5p	+	44	390	203	260	391	1244	1	0	0	6	1	1	0	0	0	1	0	0	0	0	0	0	0	0	0	0	0
*	5p	+	45	397	191	226	391	1205	2	0	0	4	0	1	0	0	0	0	0	0	0	0	0	0	0	0	0	0	0
*	5p	+	46	391	179	228	358	1156	3	0	0	4	0	0	0	0	0	0	0	0	1	0	0	0	0	0	0	0	0
*	5p	+	47	341	164	227	393	1125	2	4	3	4	0	0	0	0	0	1	0	0	0	0	0	0	0	0	0	0	0
*	5p	+	48	358	170	243	315	1086	2	0	2	3	0	1	0	0	0	0	0	0	0	0	0	0	0	0	0	0	0
*	5p	+	49	336	172	233	308	1049	0	3	0	1	0	1	0	0	0	2	0	0	0	0	0	0	0	0	0	0	0
*	5p	+	50	267	159	246	341	1013	0	1	0	1	0	1	0	0	0	0	0	0	0	0	0	0	0	0	0	0	0
*	5p	+	51	291	149	239	308	987	0	0	0	1	0	0	0	0	0	1	0	0	0	0	0	0	0	0	0	0	0
*	5p	+	52	293	166	206	292	957	1	0	0	1	1	0	0	0	0	2	0	0	0	1	0	0	0	0	0	0	0
*	5p	+	53	270	148	248	254	920	2	0	0	3	0	3	0	0	0	1	0	0	0	0	0	0	0	0	0	0	0
*	5p	+	54	283	135	216	247	881	2	0	2	0	0	0	0	0	0	0	0	0	0	0	0	0	0	0	0	0	0
*	5p	+	55	261	140	166	272	839	2	2	1	1	0	1	0	0	0	0	0	0	0	0	0	0	0	0	0	0	0
*	5p	+	56	256	129	181	243	809	1	2	0	1	0	1	0	0	0	0	0	0	0	0	0	0	0	0	0	0	0
*	5p	+	57	225	136	196	227	784	1	1	0	3	0	0	0	0	0	0	0	0	0	0	0	0	0	0	0	0	0
*	5p	+	58	201	151	154	251	757	2	0	0	0	0	0	0	0	0	0	0	0	0	0	0	0	0	0	0	0	0
*	5p	+	59	220	117	175	227	739	0	0	0	3	0	0	1	0	0	0	0	0	0	0	0	0	0	0	0	0	0
*	5p	+	60	218	129	156	204	707	0	0	0	6	0	0	0	1	0	0	0	0	0	0	0	0	0	0	0	0	0
*	5p	+	61	210	123	154	186	673	2	0	0	0	0	0	0	0	0	0	0	0	0	0	0	0	0	0	0	0	0
*	5p	+	62	189	138	147	178	652	3	0	1	0	0	2	0	0	2	0	0	0	0	0	0	0	1	0	0	1	0
*	5p	+	63	202	102	153	178	635	0	0	3	3	0	0	0	0	1	0	0	0	0	0	0	0	1	0	0	0	0
*	5p	+	64	167	115	164	170	616	2	1	0	3	1	0	0	0	0	0	0	1	0	1	0	0	0	0	0	0	0
*	5p	+	65	167	124	128	175	594	0	2	0	1	0	0	0	2	1	2	0	0	1	0	0	0	0	0	0	0	0
*	5p	+	66	177	94	96	199	566	0	0	0	2	0	0	1	2	4	6	1	0	0	3	0	0	0	0	0	0	0
*	5p	+	67	145	86	115	196	542	1	0	0	1	0	1	1	2	5	7	0	0	0	0	0	0	2	0	0	0	0
*	5p	+	68	159	89	95	177	520	3	0	0	3	0	4	3	0	4	8	0	1	0	0	0	0	1	0	0	0	0
*	5p	+	69	175	84	95	145	499	1	0	1	1	1	2	1	2	3	5	2	2	0	0	0	0	1	0	0	0	0
*	5p	+	70	140	72	105	155	472	1	0	2	5	0	2	2	2	2	4	0	1	0	1	0	0	1	0	0	0	0
*	5p	-	1	1492	367	261	1398	3518	48	17	25	44	29	204	9	36	35	271	9	22	0	0	0	0	0	0	0	0	9
*	5p	-	2	1351	350	269	1546	3516	25	28	31	29	21	137	8	21	25	132	3	24	1	1	3	1	0	2	0	0	3
*	5p	-	3	1473	323	249	1468	3513	8	22	13	34	11	66	1	15	11	64	2	7	1	3	1	3	2	2	0	0	0
*	5p	-	4	1479	329	237	1465	3510	5	9	21	9	5	41	1	6	7	25	2	10	6	5	0	0	5	1	2	0	0
*	5p	-	5	1518	312	252	1413	3495	4	7	11	6	0	18	3	1	2	19	0	1	8	9	0	6	5	11	4	2	0
*	5p	-	6	1488	330	264	1420	3502	1	2	8	5	3	11	2	3	3	11	0	6	13	9	1	1	5	1	7	3	0
*	5p	-	7	1483	385	311	1329	3508	0	2	8	7	0	8	1	0	2	8	1	1	9	8	3	3	3	2	3	2	0
*	5p	-	8	1423	423	317	1345	3508	1	2	7	3	2	8	0	0	1	9	0	0	2	7	0	0	0	2	3	5	0
*	5p	-	9	1465	404	354	1281	3504	3	5	7	3	3	1	0	0	0	5	0	0	3	3	0	1	4	4	0	6	0
*	5p	-	10	1406	463	395	1246	3510	1	2	4	1	0	8	0	0	1	5	0	1	2	5	1	0	1	2	1	4	0
*	5p	-	11	1329	468	357	1353	3507	2	1	7	4	1	6	0	1	3	0	0	4	2	2	0	0	5	2	1	3	0
*	5p	-	12	1311	456	366	1374	3507	5	0	0	6	1	4	1	2	1	2	1	4	0	1	0	1	1	6	1	3	0
*	5p	-	13	1315	526	348	1320	3509	6	3	4	3	3	1	3	0	2	3	0	1	3	1	1	0	2	4	2	1	0
*	5p	-	14	1358	499	381	1266	3504	1	4	6	0	1	10	0	1	2	12	1	0	0	1	0	0	2	4	7	1	0
*	5p	-	15	1307	451	398	1353	3509	1	4	4	4	0	4	0	3	4	5	0	1	0	0	0	0	4	3	0	2	0
*	5p	-	16	1270	455	388	1390	3503	4	3	2	4	1	7	0	2	1	4	1	2	1	1	3	0	2	7	4	0	0
*	5p	-	17	1300	457	400	1352	3509	7	2	1	3	2	6	0	1	0	7	0	1	1	3	3	0	4	5	0	0	0
*	5p	-	18	1363	384	405	1361	3513	4	7	5	2	1	8	0	1	3	13	0	1	0	3	1	1	2	2	0	1	0
*	5p	-	19	1317	437	369	1390	3513	4	2	2	0	4	7	1	0	1	4	1	2	2	2	2	1	2	1	2	0	0
*	5p	-	20	1285	427	377	1428	3517	4	5	3	1	1	8	0	1	2	4	1	2	2	0	0	1	1	0	0	0	0
*	5p	-	21	1308	429	308	1472	3517	5	2	1	3	3	3	0	2	5	16	0	3	1	3	1	1	0	0	0	1	0
*	5p	-	22	1346	435	355	1382	3518	7	4	3	1	3	8	0	1	1	6	0	1	0	3	0	0	0	0	0	0	0
*	5p	-	23	1342	394	331	1449	3516	4	3	5	4	2	6	1	1	0	10	0	3	0	0	2	0	0	2	0	0	0
*	5p	-	24	1451	381	328	1358	3518	6	8	11	0	1	12	1	0	1	8	0	1	1	1	0	0	0	0	0	0	0
*	5p	-	25	1405	413	322	1377	3517	2	7	13	0	2	5	1	3	0	5	0	2	0	0	0	0	0	1	0	0	0
*	5p	-	26	1147	396	322	1254	3119	9	1	4	2	1	3	0	0	0	11	0	2	0	0	0	0	0	0	0	0	0
*	5p	-	27	1082	348	285	1101	2816	6	0	0	5	3	6	0	1	0	2	0	2	0	0	0	0	0	0	0	0	0
*	5p	-	28	959	368	270	1000	2597	3	2	4	3	0	1	0	2	1	2	0	1	0	0	0	0	1	0	0	0	0
*	5p	-	29	849	329	288	943	2409	0	1	2	0	3	0	0	1	2	5	0	1	0	0	0	0	1	0	0	0	0
*	5p	-	30	802	295	285	861	2243	3	0	3	0	0	1	0	0	0	6	0	1	0	0	0	0	0	0	0	0	0
*	5p	-	31	729	333	274	788	2124	4	0	7	0	1	3	0	0	1	4	0	3	0	0	0	0	0	0	0	0	0
*	5p	-	32	759	317	213	721	2010	1	1	3	0	0	1	0	0	0	1	0	0	0	0	0	0	0	0	0	0	0
*	5p	-	33	634	301	227	737	1899	3	2	2	2	0	3	0	0	0	4	0	0	0	0	0	0	0	0	0	0	0
*	5p	-	34	616	329	200	637	1782	2	2	1	0	0	0	0	0	1	5	0	0	0	0	0	0	0	0	0	0	0
*	5p	-	35	601	297	178	612	1688	0	2	6	0	0	1	0	0	0	3	0	2	0	0	0	0	0	0	0	2	0
*	5p	-	36	570	290	195	557	1612	3	3	4	0	1	3	0	2	0	1	0	1	0	0	0	0	0	0	0	0	0
*	5p	-	37	523	248	222	547	1540	1	3	2	2	0	1	0	0	3	3	0	0	0	0	0	0	0	1	0	0	0
*	5p	-	38	519	260	193	515	1487	2	2	1	6	2	0	0	2	0	2	0	3	0	0	0	0	0	0	0	0	0
*	5p	-	39	474	221	200	518	1413	3	0	2	3	0	2	0	0	0	0	0	3	0	0	0	0	0	0	0	0	0
*	5p	-	40	421	250	225	455	1351	3	5	1	2	2	1	0	0	0	0	0	1	0	0	0	0	1	0	0	0	0
*	5p	-	41	402	268	215	408	1293	2	0	1	2	0	0	0	0	0	1	0	0	1	0	0	0	0	0	0	0	0
*	5p	-	42	391	223	188	438	1240	4	3	1	1	0	0	0	1	1	0	0	5	0	1	0	0	0	0	0	0	0
*	5p	-	43	366	218	211	395	1190	3	4	2	1	1	1	0	0	0	2	2	0	0	0	0	0	0	0	0	0	0
*	5p	-	44	355	231	181	372	1139	4	3	2	0	0	2	3	1	1	1	0	3	0	0	0	0	0	0	0	0	0
*	5p	-	45	368	196	189	352	1105	2	3	1	1	3	1	0	2	2	4	0	4	0	0	0	0	2	0	0	0	0
*	5p	-	46	307	213	220	326	1066	3	3	1	0	1	2	0	0	0	4	0	3	0	0	0	0	0	0	0	0	0
*	5p	-	47	363	218	154	293	1028	1	6	0	2	0	0	0	1	1	1	0	3	0	0	0	0	0	0	0	0	0
*	5p	-	48	321	221	131	322	995	0	3	2	0	0	0	0	0	1	2	0	1	0	0	0	0	0	0	0	0	0
*	5p	-	49	286	219	168	280	953	1	6	0	2	0	1	0	2	2	1	0	4	0	0	0	0	0	0	0	0	0
*	5p	-	50	271	188	163	294	916	2	0	0	0	0	0	0	0	2	1	0	0	0	0	0	0	1	0	0	0	0
*	5p	-	51	264	195	158	267	884	2	4	1	1	1	2	0	1	2	5	0	5	0	0	0	0	0	0	0	0	0
*	5p	-	52	222	205	154	271	852	2	0	0	0	2	0	0	3	0	0	0	0	0	0	0	0	0	0	0	0	0
*	5p	-	53	204	192	180	256	832	1	2	3	0	1	1	1	0	0	0	0	2	0	0	0	0	0	0	0	0	0
*	5p	-	54	246	148	148	258	800	0	0	1	0	0	1	0	2	0	4	0	0	0	0	0	0	0	0	0	0	0
*	5p	-	55	248	181	122	214	765	5	0	3	2	1	0	0	0	0	1	0	2	0	0	0	0	1	0	0	0	0
*	5p	-	56	202	163	166	208	739	2	0	0	2	0	0	0	0	0	0	2	0	0	0	0	0	0	0	0	0	0
*	5p	-	57	215	140	144	209	708	1	2	0	2	2	0	0	0	0	1	0	0	0	0	0	0	0	0	0	0	0
*	5p	-	58	210	138	139	202	689	3	1	0	0	1	0	0	0	0	0	0	0	0	0	0	0	0	0	0	0	0
*	5p	-	59	199	145	119	193	656	0	0	0	2	0	0	0	0	0	0	0	0	0	0	0	0	0	0	0	0	0
*	5p	-	60	166	154	112	199	631	2	0	2	0	0	0	0	0	0	0	0	0	0	0	0	0	1	0	0	0	0
*	5p	-	61	158	157	125	171	611	1	0	0	2	1	0	1	0	0	0	0	0	0	0	0	0	0	0	0	0	0
*	5p	-	62	192	152	98	149	591	2	0	0	3	3	0	0	0	0	1	0	0	0	0	0	0	0	0	0	0	0
*	5p	-	63	165	104	126	179	574	1	0	2	1	1	0	0	0	1	2	0	0	0	0	0	0	0	0	0	0	0
*	5p	-	64	163	125	116	146	550	1	0	0	3	0	0	0	2	2	1	1	0	0	0	0	0	0	0	0	0	0
*	5p	-	65	149	138	81	162	530	0	0	0	1	1	1	1	1	2	2	0	0	0	0	0	0	0	0	0	0	0
*	5p	-	66	159	136	78	144	517	2	0	1	3	0	0	0	2	0	3	0	1	0	0	1	0	1	0	0	0	0
*	5p	-	67	135	125	96	145	501	2	0	1	1	0	0	0	2	2	2	0	0	0	0	0	0	1	0	0	0	0
*	5p	-	68	125	122	75	163	485	3	0	0	1	1	0	0	1	3	7	0	0	0	0	0	0	0	0	0	0	0
*	5p	-	69	134	106	75	153	468	0	1	2	1	3	0	0	1	1	10	0	1	0	0	0	0	1	0	0	0	0
*	5p	-	70	138	93	77	140	448	1	0	2	1	2	3	2	3	2	5	0	1	0	0	0	0	1	0	0	1	0
