# table produced by mapDamage version 2.0.1-10-g0a7fa27-dirty
# using mapped file - and 000_prefixes/Pi_mito.fasta as reference file
# Chr: reference from sam/bam header, End: from which termini of DNA sequences, Std: strand of reads
Chr	End	Std	Pos	A	C	G	T	Total	G>A	C>T	A>G	T>C	A>C	A>T	C>G	C>A	T>G	T>A	G>C	G>T	A>-	T>-	C>-	G>-	->A	->T	->C	->G	S
*	3p	+	1	1808	1386	1734	3597	8525	32	73	22	81	42	265	1	35	24	126	24	69	0	0	0	0	0	0	0	0	11
*	3p	+	2	2976	1326	1302	2918	8522	49	35	17	37	28	113	11	63	24	260	8	30	0	0	0	0	0	1	2	0	10
*	3p	+	3	2954	1121	1470	2973	8518	43	32	20	41	14	111	4	62	26	201	4	26	0	1	0	0	2	5	0	0	10
*	3p	+	4	2989	1158	1415	2958	8520	39	30	19	21	14	59	10	56	21	185	4	19	0	3	0	1	2	1	1	0	7
*	3p	+	5	2907	1145	1443	3025	8520	14	33	13	30	10	48	5	28	26	96	3	21	0	1	4	1	0	1	2	2	7
*	3p	+	6	3079	1118	1467	2833	8497	17	19	13	23	3	38	8	23	8	53	3	5	0	1	1	0	16	6	0	6	7
*	3p	+	7	2847	1236	1487	2932	8502	15	3	7	37	7	44	2	13	8	49	1	5	3	0	0	0	10	6	5	2	7
*	3p	+	8	3078	1036	1587	2793	8494	1	4	6	18	4	26	2	8	10	31	1	5	3	3	1	4	15	10	3	3	7
*	3p	+	9	3150	1139	1471	2740	8500	7	5	1	26	6	17	3	4	3	9	1	2	3	6	3	0	21	2	0	2	7
*	3p	+	10	2893	1327	1487	2798	8505	5	8	2	28	1	11	0	4	10	13	0	4	2	5	1	0	8	9	0	2	7
*	3p	+	11	2822	1116	1626	2946	8510	10	3	3	26	2	5	2	4	5	10	4	3	0	1	4	0	8	6	0	1	7
*	3p	+	12	2905	1143	1608	2861	8517	7	2	10	8	3	3	2	5	4	5	1	3	1	1	2	0	2	3	2	0	7
*	3p	+	13	2860	1183	1614	2864	8521	6	5	7	26	1	5	1	2	0	3	0	1	1	1	0	1	3	1	0	0	6
*	3p	+	14	2860	1169	1703	2789	8521	4	2	1	20	4	3	2	2	1	5	3	2	3	2	0	0	0	2	1	0	6
*	3p	+	15	2876	1136	1605	2842	8459	7	2	4	14	1	2	1	1	1	5	0	4	0	0	0	0	0	1	0	0	6
*	3p	+	16	3023	1209	1531	2761	8524	3	5	2	16	2	2	1	0	1	8	1	0	2	0	0	0	1	0	0	0	5
*	3p	+	17	2908	1185	1574	2857	8524	6	2	2	14	2	1	0	1	0	7	0	2	0	3	1	0	0	0	1	0	4
*	3p	+	18	2871	1190	1549	2912	8522	6	3	3	18	5	0	1	0	2	4	1	2	0	2	0	0	0	0	1	2	4
*	3p	+	19	2917	1207	1632	2768	8524	1	1	9	16	2	1	0	2	1	4	0	4	0	2	0	1	0	1	0	0	4
*	3p	+	20	2917	1230	1569	2807	8523	8	4	5	10	1	3	1	3	1	1	0	3	0	1	0	0	1	0	0	1	4
*	3p	+	21	2793	1262	1618	2849	8522	3	1	6	17	1	2	0	2	3	1	2	3	0	1	0	0	0	0	1	0	4
*	3p	+	22	2798	1300	1611	2799	8508	8	0	8	8	2	3	0	0	4	3	1	3	1	1	0	0	0	0	0	0	3
*	3p	+	23	2938	1169	1594	2819	8520	2	3	8	16	3	1	1	0	4	6	1	1	0	0	0	0	0	0	0	0	3
*	3p	+	24	2849	1216	1563	2892	8520	2	5	6	12	1	3	0	1	1	0	1	1	0	0	0	0	0	0	0	0	3
*	3p	+	25	2876	1213	1627	2791	8507	5	3	3	27	0	3	0	2	2	1	0	6	0	1	0	0	0	0	0	0	3
*	3p	+	26	2812	1237	1620	2823	8492	5	2	6	15	0	1	0	0	1	1	0	2	0	1	0	0	0	0	0	0	3
*	3p	+	27	2891	1273	1501	2815	8480	3	2	4	21	1	0	0	1	2	3	2	0	0	2	0	0	2	0	0	0	3
*	3p	+	28	2711	1230	1694	2829	8464	6	2	3	11	2	1	0	5	4	4	0	2	0	0	0	0	2	0	0	0	3
*	3p	+	29	2963	1204	1528	2758	8453	6	3	3	15	2	0	1	3	6	3	1	0	0	3	0	0	1	0	0	0	3
*	3p	+	30	2930	1222	1523	2765	8440	5	0	4	13	1	2	0	5	0	1	0	0	0	0	0	0	0	0	0	0	3
*	3p	+	31	2844	1245	1672	2680	8441	5	2	6	8	3	1	0	4	0	2	0	1	0	0	0	0	0	0	0	0	3
*	3p	+	32	2856	1257	1545	2771	8429	1	0	2	17	4	4	0	0	1	2	0	1	0	0	0	0	0	0	0	0	3
*	3p	+	33	2891	1208	1547	2772	8418	4	0	6	7	3	0	1	1	1	2	0	0	0	0	0	0	0	0	0	0	3
*	3p	+	34	2738	1189	1631	2855	8413	4	1	3	20	1	0	1	0	1	0	0	1	0	0	1	0	0	0	0	0	3
*	3p	+	35	2859	1214	1627	2701	8401	3	5	7	15	3	4	2	3	3	3	0	5	1	0	0	0	0	0	0	0	2
*	3p	+	36	2779	1292	1511	2805	8387	4	2	0	12	1	0	0	3	2	4	1	1	0	1	0	0	0	0	0	0	2
*	3p	+	37	2745	1330	1568	2729	8372	9	0	3	15	0	0	0	0	0	0	0	6	0	1	0	0	0	0	0	0	2
*	3p	+	38	2804	1292	1525	2730	8351	6	1	3	12	4	0	0	0	2	3	1	1	0	0	0	0	0	0	0	0	2
*	3p	+	39	2688	1208	1632	2786	8314	8	1	4	20	0	3	0	8	1	0	1	2	0	0	0	0	0	0	0	0	2
*	3p	+	40	2663	1196	1602	2836	8297	10	4	3	10	2	1	0	5	1	0	0	1	0	0	0	0	0	0	0	0	2
*	3p	+	41	2759	1249	1629	2643	8280	1	6	2	11	2	0	0	7	2	0	0	0	1	0	0	0	0	0	0	0	2
*	3p	+	42	2718	1248	1622	2670	8258	2	4	4	6	3	1	1	5	2	1	1	2	1	0	0	0	0	0	0	0	2
*	3p	+	43	2759	1253	1577	2643	8232	0	3	3	3	1	0	0	0	1	1	0	1	2	0	0	0	0	0	0	0	2
*	3p	+	44	2787	1206	1593	2608	8194	13	1	6	9	2	0	1	1	2	1	1	1	0	2	0	0	0	0	0	0	2
*	3p	+	45	2832	1161	1470	2686	8149	10	4	4	8	3	0	0	0	1	0	0	0	0	0	0	0	0	0	0	0	2
*	3p	+	46	2740	1288	1537	2538	8103	1	4	3	7	2	2	2	11	1	2	0	1	0	4	0	0	0	0	0	0	2
*	3p	+	47	2655	1211	1481	2702	8049	2	2	4	13	1	0	0	9	2	1	0	3	0	0	0	0	0	0	0	0	2
*	3p	+	48	2696	1190	1433	2679	7998	1	1	6	11	0	0	0	0	2	0	0	0	0	1	0	0	0	0	0	0	1
*	3p	+	49	2570	1251	1531	2603	7955	4	0	3	5	1	0	0	2	2	0	0	0	1	1	0	0	0	0	0	0	1
*	3p	+	50	2571	1211	1557	2561	7900	0	3	2	9	2	0	0	0	0	2	0	1	0	0	0	0	0	0	0	0	0
*	3p	+	51	2655	1204	1373	2609	7841	0	3	3	9	0	0	0	3	1	2	0	1	0	0	0	0	0	0	0	0	0
*	3p	+	52	2512	1175	1488	2595	7770	1	2	6	8	1	0	0	0	0	2	0	1	0	0	0	0	0	0	0	0	0
*	3p	+	53	2494	1236	1535	2432	7697	1	6	1	5	0	1	1	0	0	0	0	0	0	0	0	0	0	0	0	0	0
*	3p	+	54	2567	1139	1367	2550	7623	3	3	4	13	0	0	0	1	2	1	2	0	0	2	0	0	0	0	0	0	0
*	3p	+	55	2502	1101	1433	2497	7533	0	3	1	10	0	3	0	0	2	1	0	0	1	0	0	0	0	0	0	0	0
*	3p	+	56	2511	1131	1422	2387	7451	3	1	3	4	2	1	1	0	2	1	0	5	1	0	0	0	0	0	0	0	0
*	3p	+	57	2454	1133	1318	2458	7363	0	2	2	8	2	0	1	0	1	1	1	5	1	0	0	0	0	0	0	0	0
*	3p	+	58	2398	1152	1385	2346	7281	6	2	5	7	0	1	0	1	1	0	0	2	1	0	0	0	0	0	0	0	0
*	3p	+	59	2436	1009	1316	2419	7180	0	4	3	8	0	1	0	0	1	1	0	2	0	1	0	0	0	0	0	0	0
*	3p	+	60	2327	1051	1310	2367	7055	1	2	0	5	1	0	0	1	0	0	0	0	0	0	0	0	0	0	0	0	0
*	3p	+	61	2390	1042	1271	2264	6967	1	1	3	3	1	0	0	0	2	1	2	4	0	0	0	0	0	0	0	0	0
*	3p	+	62	2344	1037	1213	2268	6862	2	3	2	5	0	0	0	0	0	3	0	3	0	0	0	0	0	0	0	0	0
*	3p	+	63	2266	969	1241	2291	6767	1	2	4	9	1	0	1	0	2	0	0	1	0	0	0	0	0	0	0	0	0
*	3p	+	64	2150	1033	1250	2244	6677	1	2	2	7	2	0	0	1	0	3	0	1	0	0	0	0	0	0	0	0	0
*	3p	+	65	2172	959	1251	2185	6567	0	3	1	2	0	0	0	0	2	0	1	1	0	0	0	1	0	0	0	0	0
*	3p	+	66	2175	942	1206	2151	6474	0	3	2	6	1	1	0	0	0	0	0	0	0	0	0	0	0	0	0	0	0
*	3p	+	67	2080	973	1218	2119	6390	0	3	3	4	0	0	0	1	1	1	0	3	0	0	0	0	0	0	0	0	0
*	3p	+	68	2202	903	1130	2052	6287	1	2	1	2	1	1	0	0	0	1	0	2	0	0	0	0	0	0	0	0	0
*	3p	+	69	2079	910	1049	2147	6185	0	0	0	7	1	0	0	0	0	1	1	1	0	0	0	0	0	0	0	0	0
*	3p	+	70	2014	965	1066	2037	6082	1	1	1	5	1	0	1	0	0	1	0	3	0	0	0	0	0	0	0	0	0
*	3p	-	1	1833	1799	1276	3763	8671	47	83	29	84	65	274	10	42	29	156	27	57	0	0	0	0	0	0	0	0	6
*	3p	-	2	3141	1534	1029	2959	8663	70	43	26	43	18	146	11	60	42	264	14	42	0	0	0	2	7	0	1	0	6
*	3p	-	3	3004	1258	1194	3207	8663	37	31	33	49	17	107	9	37	31	234	2	28	0	2	0	1	3	4	1	0	6
*	3p	-	4	2788	1363	1255	3249	8655	31	23	23	37	14	71	6	40	27	194	3	31	0	4	2	1	14	1	0	1	3
*	3p	-	5	2819	1457	1281	3084	8641	32	31	13	34	8	50	7	20	13	124	1	15	0	7	2	1	18	8	2	2	3
*	3p	-	6	3008	1369	1168	3096	8641	8	12	25	19	12	32	3	15	21	81	4	9	0	4	1	0	20	4	4	2	3
*	3p	-	7	2747	1503	1296	3084	8630	16	10	11	26	8	15	3	13	16	54	2	3	1	4	3	2	20	12	4	5	3
*	3p	-	8	3076	1415	1368	2780	8639	15	8	14	19	4	17	2	5	8	45	2	1	0	11	1	1	21	6	3	2	3
*	3p	-	9	3137	1450	1308	2742	8637	6	2	7	18	8	8	1	5	7	19	1	5	1	6	0	0	15	9	7	2	3
*	3p	-	10	2976	1515	1318	2839	8648	6	2	13	14	1	13	2	5	4	24	1	5	1	4	0	2	16	4	0	0	3
*	3p	-	11	3028	1534	1275	2829	8666	6	8	5	12	5	6	0	1	3	15	0	5	0	2	0	0	3	2	0	0	3
*	3p	-	12	2910	1458	1288	3011	8667	9	4	2	12	5	7	2	3	9	10	0	5	0	2	1	0	2	0	0	2	3
*	3p	-	13	2969	1571	1350	2774	8664	1	1	7	9	3	3	0	0	1	8	0	3	0	2	0	0	3	1	0	2	3
*	3p	-	14	2998	1518	1328	2823	8667	3	5	14	19	9	1	1	1	0	2	2	2	1	1	0	0	1	3	0	0	3
*	3p	-	15	2900	1501	1286	2924	8611	6	4	4	15	4	2	0	1	2	0	0	9	2	1	1	0	0	0	0	0	3
*	3p	-	16	2923	1568	1216	2959	8666	5	2	5	21	2	3	1	0	1	5	0	4	0	1	0	0	0	3	0	0	3
*	3p	-	17	2971	1474	1358	2865	8668	10	7	9	12	2	2	2	0	2	1	0	9	2	2	0	0	0	1	1	0	3
*	3p	-	18	2988	1556	1354	2773	8671	4	3	3	16	5	2	1	1	0	1	0	2	0	0	0	0	0	0	0	0	3
*	3p	-	19	2916	1591	1335	2827	8669	6	8	4	16	1	1	0	1	4	2	1	11	0	0	0	1	0	0	0	1	3
*	3p	-	20	2984	1558	1288	2840	8670	2	1	9	7	3	2	0	0	2	1	1	21	0	0	0	0	0	0	0	1	3
*	3p	-	21	2941	1400	1353	2972	8666	5	12	11	17	2	2	1	1	4	1	1	2	0	0	0	0	1	1	0	1	3
*	3p	-	22	2786	1593	1274	3006	8659	5	22	8	17	0	1	0	1	2	2	0	0	0	1	0	0	1	1	0	0	3
*	3p	-	23	2800	1577	1340	2953	8670	1	3	5	12	4	2	2	0	5	3	0	1	0	0	0	0	0	0	0	0	3
*	3p	-	24	2923	1547	1270	2928	8668	3	0	4	7	2	1	0	0	1	4	2	3	0	0	0	0	0	0	0	0	3
*	3p	-	25	2779	1627	1301	2953	8660	6	4	5	10	1	1	0	0	2	0	0	1	1	1	0	0	0	0	0	0	3
*	3p	-	26	2847	1593	1368	2839	8647	2	0	6	8	4	2	1	1	3	0	0	4	1	1	0	0	0	0	0	0	3
*	3p	-	27	2883	1551	1225	2966	8625	2	3	4	16	0	3	0	3	0	5	0	5	1	0	0	0	0	0	0	1	2
*	3p	-	28	2828	1515	1418	2856	8617	3	3	5	21	1	2	0	0	5	2	1	1	0	0	0	0	0	0	0	0	2
*	3p	-	29	2808	1602	1328	2869	8607	6	4	3	15	2	1	0	3	5	1	0	1	0	0	0	0	0	0	0	0	2
*	3p	-	30	2997	1567	1252	2769	8585	4	3	4	14	0	0	0	1	7	4	0	3	0	0	0	0	0	0	0	0	2
*	3p	-	31	2847	1565	1341	2832	8585	5	3	3	5	3	1	0	1	1	1	1	3	1	0	0	0	0	0	0	0	1
*	3p	-	32	2825	1560	1301	2887	8573	6	4	4	10	3	0	0	0	8	0	0	2	0	0	0	0	0	1	0	0	1
*	3p	-	33	2871	1613	1173	2915	8572	1	1	5	12	1	0	0	0	1	3	0	0	0	0	0	0	0	1	0	0	1
*	3p	-	34	2773	1656	1242	2894	8565	2	1	1	13	1	2	2	0	4	1	0	1	0	0	0	0	0	0	0	0	1
*	3p	-	35	2841	1573	1249	2884	8547	2	1	5	17	0	3	0	0	1	2	0	1	0	1	0	0	0	0	0	0	1
*	3p	-	36	2811	1645	1153	2924	8533	3	2	4	19	3	1	1	0	0	6	0	4	0	1	0	0	0	0	0	0	1
*	3p	-	37	2746	1655	1296	2818	8515	2	2	8	12	2	0	1	1	0	2	0	0	0	2	0	0	0	0	0	0	1
*	3p	-	38	2809	1558	1294	2837	8498	1	0	6	11	4	1	0	0	0	4	1	1	0	4	0	0	0	0	0	0	1
*	3p	-	39	2814	1577	1163	2917	8471	0	0	3	11	1	0	0	0	2	1	1	0	0	0	0	0	0	0	0	0	1
*	3p	-	40	2738	1610	1233	2864	8445	3	0	8	6	2	1	0	1	0	0	0	4	0	0	0	0	0	0	0	0	1
*	3p	-	41	2820	1552	1230	2813	8415	4	0	3	13	2	1	0	1	0	2	1	2	0	0	0	0	0	0	0	0	1
*	3p	-	42	2899	1472	1217	2794	8382	6	1	4	7	0	2	1	0	0	2	1	0	0	0	0	0	0	0	0	0	1
*	3p	-	43	2790	1576	1245	2742	8353	1	1	5	8	0	1	0	1	0	1	2	2	0	0	0	0	0	0	0	0	1
*	3p	-	44	2807	1425	1321	2769	8322	0	3	11	8	3	4	0	0	0	2	0	3	0	0	0	0	0	1	0	0	1
*	3p	-	45	2775	1428	1282	2801	8286	2	3	8	7	0	0	0	1	0	1	1	3	0	0	0	0	1	0	0	0	1
*	3p	-	46	2660	1564	1236	2768	8228	3	1	6	12	1	1	0	0	3	0	0	3	0	0	0	0	0	0	0	0	1
*	3p	-	47	2746	1567	1204	2652	8169	2	2	8	9	1	1	0	0	1	1	1	0	0	0	0	0	0	0	0	0	1
*	3p	-	48	2671	1563	1084	2790	8108	1	0	5	7	0	1	1	0	1	1	1	2	0	0	0	0	0	0	0	0	1
*	3p	-	49	2511	1588	1169	2782	8050	4	3	7	14	1	1	0	0	1	0	0	3	0	1	0	0	0	0	0	0	1
*	3p	-	50	2745	1495	1133	2606	7979	1	1	3	5	0	0	0	0	2	2	0	0	0	1	0	0	0	0	0	0	1
*	3p	-	51	2568	1503	1196	2652	7919	5	4	1	12	0	0	0	0	0	0	0	2	0	0	0	0	0	0	0	0	0
*	3p	-	52	2515	1494	1231	2617	7857	0	1	3	12	1	0	0	0	1	0	1	0	0	0	0	0	0	0	0	0	0
*	3p	-	53	2570	1433	1179	2605	7787	0	1	7	2	1	2	0	0	0	0	0	0	0	0	0	0	0	0	0	0	0
*	3p	-	54	2543	1423	1133	2614	7713	1	2	5	9	3	0	1	0	1	4	0	2	0	0	0	0	0	0	0	0	0
*	3p	-	55	2479	1478	1120	2565	7642	1	2	3	7	0	1	0	0	0	2	1	1	1	1	0	0	0	0	0	0	0
*	3p	-	56	2484	1402	1082	2563	7531	1	0	4	6	0	1	0	0	0	6	0	2	0	0	0	0	0	0	0	0	0
*	3p	-	57	2449	1294	1093	2596	7432	2	1	4	7	0	0	0	0	0	1	1	1	0	0	0	0	0	0	0	0	0
*	3p	-	58	2381	1376	1098	2455	7310	2	2	4	5	0	1	0	0	0	2	1	0	0	0	0	0	0	0	0	0	0
*	3p	-	59	2445	1274	1034	2462	7215	1	1	1	4	1	0	0	0	0	2	0	5	0	0	0	0	0	1	0	0	0
*	3p	-	60	2452	1284	1010	2353	7099	0	1	3	4	2	2	0	0	0	1	0	2	1	0	0	0	0	1	0	0	0
*	3p	-	61	2415	1255	1042	2297	7009	0	1	2	6	1	0	0	0	0	2	0	1	0	0	0	0	0	0	0	0	0
*	3p	-	62	2358	1206	1007	2345	6916	1	4	5	7	0	1	0	0	0	3	0	0	0	0	0	1	0	0	0	0	0
*	3p	-	63	2334	1200	993	2295	6822	0	0	6	9	0	1	0	0	1	0	1	2	0	0	0	0	0	0	0	0	0
*	3p	-	64	2280	1149	996	2280	6705	0	2	1	6	0	0	0	0	1	2	0	1	1	0	0	0	0	0	0	0	0
*	3p	-	65	2253	1191	931	2231	6606	3	1	2	5	0	0	0	1	1	0	0	0	1	0	0	0	0	0	0	0	0
*	3p	-	66	2183	1201	930	2183	6497	3	0	4	11	2	0	1	0	0	0	0	1	0	0	0	0	0	0	0	0	0
*	3p	-	67	2175	1134	979	2079	6367	0	2	0	6	0	0	0	1	0	1	1	1	0	0	0	0	0	0	0	0	0
*	3p	-	68	2227	1126	835	2081	6269	0	0	4	7	0	0	0	0	3	0	0	1	0	0	0	0	0	0	0	0	0
*	3p	-	69	2096	1095	883	2078	6152	2	4	5	3	4	2	1	0	4	1	0	1	0	1	0	0	0	0	0	0	0
*	3p	-	70	1954	1077	879	2142	6052	0	1	4	4	0	0	1	0	2	0	0	1	0	0	0	0	0	0	0	0	0
*	5p	+	1	3968	1234	1777	1546	8525	4	7	7	8	3	3	0	1	1	1	1	1	0	0	0	0	0	0	0	0	6
*	5p	+	2	2699	901	1587	3338	8525	2	5	14	7	0	2	0	0	4	1	0	1	0	0	0	0	0	0	0	0	4
*	5p	+	3	3039	1294	1282	2909	8524	0	3	14	8	2	1	0	0	1	2	0	2	0	0	0	0	0	0	0	0	4
*	5p	+	4	2959	1242	1367	2956	8524	1	8	4	14	3	4	2	3	3	2	0	2	0	0	0	0	1	0	0	0	3
*	5p	+	5	3073	1210	1377	2863	8523	1	6	6	14	3	1	0	1	6	1	0	2	1	1	0	0	0	0	2	0	3
*	5p	+	6	3029	1117	1351	3026	8523	1	8	5	10	1	4	0	1	1	1	0	1	0	0	0	0	1	0	0	1	3
*	5p	+	7	3030	1201	1494	2800	8525	1	2	7	9	1	1	0	2	4	0	0	2	1	1	0	0	0	0	0	0	3
*	5p	+	8	2650	1293	1396	3186	8525	3	6	4	10	2	1	0	0	0	3	0	2	0	0	0	0	0	0	0	0	3
*	5p	+	9	2699	1293	1373	3158	8523	3	1	2	12	1	0	0	3	3	3	0	3	0	1	0	1	0	1	1	0	3
*	5p	+	10	2796	1312	1531	2885	8524	0	0	5	13	1	1	0	4	3	3	1	3	1	0	0	0	0	0	1	0	3
*	5p	+	11	2961	1168	1436	2960	8525	3	1	5	7	2	2	0	4	2	4	1	4	1	0	0	0	0	0	0	0	3
*	5p	+	12	2956	1197	1495	2876	8524	6	2	4	7	1	2	2	4	2	3	0	3	1	0	0	0	0	0	1	0	3
*	5p	+	13	2688	1333	1548	2956	8525	6	1	5	10	1	2	0	2	4	2	0	3	1	0	0	0	0	0	0	0	3
*	5p	+	14	2838	1284	1464	2939	8525	7	3	6	14	1	2	0	4	0	3	0	2	0	0	0	0	0	0	0	0	3
*	5p	+	15	2932	1272	1387	2919	8510	2	4	5	4	2	1	0	8	1	3	0	2	0	2	0	0	0	0	0	0	2
*	5p	+	16	2936	1221	1482	2886	8525	6	1	4	10	0	2	0	4	2	0	0	2	0	1	0	0	0	0	0	0	2
*	5p	+	17	2876	1234	1506	2908	8524	6	7	4	7	0	0	0	4	0	3	0	0	2	0	0	0	0	1	0	0	2
*	5p	+	18	2798	1281	1555	2891	8525	3	4	4	2	0	1	2	0	1	1	1	0	3	0	0	0	0	0	0	0	2
*	5p	+	19	2867	1280	1531	2847	8525	4	0	5	6	1	1	0	8	1	3	0	0	2	2	0	0	0	0	0	0	2
*	5p	+	20	2893	1234	1512	2886	8525	0	0	4	8	2	0	0	14	4	0	2	0	0	0	0	0	0	0	0	0	2
*	5p	+	21	2944	1285	1523	2772	8524	8	4	3	7	5	2	1	1	1	1	0	0	1	1	0	0	0	0	0	0	2
*	5p	+	22	2860	1292	1571	2798	8521	14	4	4	6	3	6	0	3	3	0	0	4	0	1	0	0	0	0	0	0	2
*	5p	+	23	3004	1222	1549	2746	8521	1	2	3	7	1	1	0	2	2	1	2	4	1	0	0	0	0	0	0	0	2
*	5p	+	24	2833	1205	1558	2925	8521	3	2	2	7	1	1	1	2	1	2	0	0	0	0	0	0	0	0	0	0	2
*	5p	+	25	2903	1275	1565	2778	8521	3	0	3	5	1	1	0	3	1	0	0	3	0	0	0	0	0	0	0	0	2
*	5p	+	26	2865	1255	1553	2820	8493	2	3	8	5	1	1	1	1	0	5	0	1	0	0	0	1	0	0	0	0	2
*	5p	+	27	2971	1188	1509	2814	8482	2	0	4	19	1	2	0	2	1	1	2	0	0	0	0	0	0	0	0	0	2
*	5p	+	28	2750	1361	1496	2859	8466	5	2	4	11	4	1	0	6	2	0	1	2	0	0	0	0	0	0	0	0	2
*	5p	+	29	2811	1256	1545	2842	8454	3	4	3	6	1	3	1	1	1	1	0	0	0	0	0	0	0	1	0	0	2
*	5p	+	30	2756	1250	1602	2842	8450	5	0	1	11	2	4	0	1	1	1	0	5	1	0	0	0	0	0	0	0	2
*	5p	+	31	2811	1232	1672	2726	8441	2	2	4	13	1	2	1	0	0	2	0	1	0	0	0	0	0	0	0	0	1
*	5p	+	32	2925	1280	1588	2633	8426	1	4	3	9	2	2	0	0	0	7	1	3	0	0	0	0	3	0	0	0	1
*	5p	+	33	2865	1162	1621	2770	8418	1	3	3	20	0	1	0	0	2	5	0	1	0	0	0	0	0	0	0	0	1
*	5p	+	34	2856	1228	1580	2748	8412	2	4	5	14	0	0	2	1	1	5	0	1	0	0	0	0	0	0	1	0	1
*	5p	+	35	2902	1220	1566	2712	8400	1	4	4	7	1	2	1	1	3	3	1	1	1	1	0	0	0	1	0	0	1
*	5p	+	36	2810	1168	1665	2744	8387	1	0	1	6	2	3	1	0	2	2	2	2	0	2	0	0	0	0	0	0	1
*	5p	+	37	2728	1347	1648	2649	8372	0	3	8	10	1	2	0	1	4	0	0	5	0	3	0	0	0	0	0	0	1
*	5p	+	38	2808	1246	1525	2770	8349	2	0	7	16	1	2	1	0	2	3	0	1	0	1	0	0	0	2	0	0	1
*	5p	+	39	2850	1157	1529	2775	8311	2	0	4	24	1	3	0	0	1	5	0	0	0	1	0	0	0	1	0	2	1
*	5p	+	40	2766	1200	1643	2686	8295	1	5	6	10	0	3	1	4	3	3	1	3	0	0	0	0	0	2	0	0	1
*	5p	+	41	2873	1247	1460	2698	8278	5	7	0	18	0	3	0	1	1	3	0	2	0	1	0	0	0	0	2	0	1
*	5p	+	42	2815	1191	1475	2777	8258	0	7	2	10	5	5	1	0	1	7	1	4	0	2	0	0	0	0	0	0	1
*	5p	+	43	2733	1276	1528	2694	8231	1	1	9	11	1	4	0	0	5	7	0	2	0	0	0	0	1	0	0	0	1
*	5p	+	44	2724	1289	1504	2677	8194	2	3	5	11	1	4	1	4	3	8	1	5	0	0	0	0	0	0	0	0	0
*	5p	+	45	2748	1207	1451	2742	8148	4	7	4	10	0	0	0	1	0	17	2	1	0	0	0	0	0	0	1	0	0
*	5p	+	46	2595	1213	1541	2753	8102	2	1	2	10	1	5	2	4	3	12	1	3	0	2	0	0	1	0	0	0	0
*	5p	+	47	2659	1162	1508	2720	8049	3	5	1	6	1	6	1	2	0	6	0	3	0	2	0	0	0	0	0	0	0
*	5p	+	48	2774	1074	1535	2615	7998	0	4	0	19	2	5	0	0	0	14	0	0	0	0	0	0	0	0	0	0	0
*	5p	+	49	2561	1224	1591	2578	7954	3	0	3	18	1	6	1	3	0	11	0	0	0	0	0	0	0	1	0	0	0
*	5p	+	50	2615	1149	1421	2715	7900	0	4	2	14	1	9	1	0	1	20	0	2	3	0	0	0	0	0	0	0	0
*	5p	+	51	2628	1128	1617	2468	7841	3	2	2	6	3	1	0	0	3	5	2	4	0	1	0	0	0	0	0	0	0
*	5p	+	52	2565	1215	1483	2506	7769	1	4	1	15	4	9	2	4	2	2	1	1	0	2	0	0	0	1	0	0	0
*	5p	+	53	2525	1129	1376	2661	7691	1	5	2	14	0	6	0	2	4	9	0	4	0	0	0	0	2	4	0	0	0
*	5p	+	54	2513	1061	1494	2549	7617	2	0	3	4	2	10	1	4	2	19	1	6	0	0	0	0	6	0	0	0	0
*	5p	+	55	2467	1196	1582	2288	7533	1	1	9	7	3	7	0	1	1	7	0	10	0	0	0	0	0	0	0	0	0
*	5p	+	56	2523	1121	1387	2420	7451	4	1	4	20	3	8	2	8	3	11	0	2	0	0	0	0	0	0	0	0	0
*	5p	+	57	2468	1087	1374	2431	7360	7	8	3	15	2	10	1	4	1	14	2	0	0	0	0	0	3	0	0	0	0
*	5p	+	58	2427	1130	1390	2328	7275	6	6	0	13	2	9	0	5	1	8	1	11	0	0	0	0	1	3	2	0	0
*	5p	+	59	2437	1039	1272	2432	7180	2	14	2	14	0	15	0	8	5	19	2	6	0	0	1	0	0	0	0	0	0
*	5p	+	60	2416	958	1291	2390	7055	9	1	3	3	3	9	0	6	2	18	5	6	1	5	0	0	0	0	0	0	0
*	5p	+	61	2328	1090	1236	2312	6966	8	5	2	12	3	14	0	5	5	19	3	5	1	2	1	0	1	0	0	0	0
*	5p	+	62	2265	1047	1199	2347	6858	9	2	2	21	1	14	0	4	8	12	2	3	2	1	0	2	2	1	1	0	0
*	5p	+	63	2313	952	1232	2266	6763	6	3	2	5	7	8	0	5	4	29	0	2	0	2	0	0	1	3	0	0	0
*	5p	+	64	2228	1023	1246	2178	6675	6	0	2	8	8	13	2	3	2	33	0	9	0	0	0	0	2	0	0	0	0
*	5p	+	65	2154	926	1187	2298	6565	7	4	2	6	5	16	0	5	0	23	0	6	0	0	0	0	0	2	0	0	0
*	5p	+	66	2141	919	1206	2204	6470	3	8	3	16	2	25	1	4	5	26	1	7	1	1	0	2	4	0	0	0	0
*	5p	+	67	1988	1040	1186	2169	6383	2	8	4	20	1	13	1	9	7	18	2	3	0	0	1	0	3	1	0	3	0
*	5p	+	68	2070	911	1122	2179	6282	4	11	6	19	2	7	4	7	4	17	2	3	0	0	2	0	4	1	0	0	0
*	5p	+	69	2105	895	1119	2040	6159	8	10	0	9	2	9	0	10	6	17	2	2	0	4	4	0	2	0	0	0	0
*	5p	+	70	2068	956	1156	1894	6074	7	4	2	13	0	13	7	5	3	13	3	4	0	4	2	0	6	1	0	1	0
*	5p	-	1	3947	1782	1421	1521	8671	4	1	10	7	3	5	0	3	1	3	1	3	0	0	0	0	0	0	0	0	3
*	5p	-	2	2753	1310	1301	3307	8671	2	7	16	13	1	10	1	0	0	4	0	0	0	0	0	0	0	0	0	0	3
*	5p	-	3	3139	1479	988	3065	8671	1	4	7	5	1	5	0	1	2	8	0	1	0	0	0	0	0	0	0	0	3
*	5p	-	4	2958	1401	1091	3221	8671	3	1	9	13	3	4	0	2	1	3	0	1	0	0	0	0	0	0	0	0	2
*	5p	-	5	3029	1405	1119	3116	8669	3	1	12	7	1	4	0	0	2	5	2	1	1	0	0	0	1	0	0	1	2
*	5p	-	6	2871	1438	1085	3275	8669	0	2	8	6	0	2	0	0	1	3	0	1	0	0	0	0	1	1	0	0	2
*	5p	-	7	3003	1414	1271	2980	8668	2	3	15	2	1	2	0	0	0	5	0	0	0	0	0	0	1	0	0	2	2
*	5p	-	8	2683	1488	1092	3408	8671	0	2	5	12	2	0	1	0	0	3	0	2	0	0	0	1	0	0	0	0	2
*	5p	-	9	2828	1486	1122	3234	8670	0	4	12	10	0	0	0	1	1	1	1	1	0	0	0	0	0	0	1	0	2
*	5p	-	10	2776	1615	1303	2976	8670	4	6	9	6	1	1	0	0	1	1	0	2	0	0	0	1	0	1	0	0	2
*	5p	-	11	2914	1663	1121	2972	8670	3	2	5	5	0	1	0	0	5	3	0	3	1	0	0	0	0	1	0	0	2
*	5p	-	12	2879	1568	1207	3016	8670	4	0	4	12	2	1	0	0	1	0	2	2	0	1	0	0	0	1	0	0	2
*	5p	-	13	2909	1646	1219	2895	8669	3	9	11	9	1	1	0	1	2	5	1	1	1	0	0	0	0	1	0	0	2
*	5p	-	14	2944	1600	1119	3007	8670	0	2	5	11	1	1	0	0	2	2	0	1	0	0	0	0	1	0	0	0	2
*	5p	-	15	2893	1544	1230	2987	8654	2	3	10	8	4	1	0	0	5	0	1	2	0	0	0	0	0	0	0	0	1
*	5p	-	16	2923	1483	1240	3025	8671	0	5	5	6	1	6	2	0	1	6	0	2	0	0	0	0	0	0	0	0	1
*	5p	-	17	2885	1544	1322	2920	8671	2	0	1	6	1	2	0	0	0	1	2	1	0	1	0	0	0	0	0	0	1
*	5p	-	18	3019	1527	1169	2956	8671	1	6	8	5	0	3	0	2	1	0	0	1	0	0	0	0	0	0	0	0	1
*	5p	-	19	2868	1613	1300	2890	8671	3	3	6	11	0	2	2	0	2	2	1	2	0	0	0	0	0	0	0	0	1
*	5p	-	20	2879	1570	1224	2998	8671	1	5	6	4	0	0	0	1	2	2	0	0	0	1	0	0	0	0	0	0	1
*	5p	-	21	2990	1518	1235	2928	8671	0	4	4	10	0	0	0	0	2	1	0	5	0	0	0	0	0	0	0	0	1
*	5p	-	22	2838	1607	1258	2968	8671	2	2	10	8	1	2	1	0	1	4	0	2	0	1	0	0	0	0	0	0	1
*	5p	-	23	2865	1611	1193	3001	8670	6	5	11	7	2	1	0	1	2	2	0	4	1	0	0	0	0	0	0	0	1
*	5p	-	24	3023	1545	1193	2909	8670	8	2	8	14	0	0	0	0	1	4	0	2	0	0	0	0	0	0	0	0	1
*	5p	-	25	2977	1671	1207	2815	8670	1	6	7	9	1	3	0	2	0	3	2	1	0	0	0	0	0	0	0	0	1
*	5p	-	26	2865	1607	1260	2916	8648	3	4	10	11	1	3	1	0	3	1	0	2	0	0	0	0	0	0	0	0	1
*	5p	-	27	2788	1537	1275	3028	8628	1	3	5	8	3	3	0	0	2	2	0	3	0	0	0	0	0	0	0	0	0
*	5p	-	28	2756	1619	1218	3024	8617	3	2	8	8	3	1	2	2	0	1	0	3	0	0	0	0	0	0	0	0	0
*	5p	-	29	2795	1594	1228	2989	8606	3	4	9	12	0	3	1	0	5	1	1	7	0	0	1	0	1	0	0	0	0
*	5p	-	30	2813	1645	1210	2927	8595	1	0	6	10	1	0	0	1	2	2	0	2	0	1	0	0	1	1	0	0	0
*	5p	-	31	2805	1676	1270	2833	8584	1	4	6	7	0	0	1	0	2	0	1	6	1	1	0	0	0	1	0	0	0
*	5p	-	32	2884	1587	1242	2862	8575	3	6	10	9	2	2	1	1	2	3	1	0	3	1	0	0	0	0	0	0	0
*	5p	-	33	2942	1582	1185	2864	8573	3	7	3	15	5	2	0	0	3	2	0	5	0	0	0	0	0	0	0	0	0
*	5p	-	34	2974	1587	1190	2811	8562	1	4	7	8	2	0	0	2	2	2	1	6	0	0	0	0	0	3	0	0	0
*	5p	-	35	2849	1623	1287	2785	8544	1	2	3	8	1	1	0	1	0	4	1	8	0	0	0	0	2	2	0	0	0
*	5p	-	36	2886	1602	1212	2830	8530	4	3	2	15	2	3	0	4	3	0	1	1	0	0	0	0	0	1	2	0	0
*	5p	-	37	2774	1564	1386	2790	8514	0	7	6	10	1	0	1	2	1	2	0	1	0	1	1	0	1	0	0	0	0
*	5p	-	38	2790	1539	1235	2932	8496	2	4	1	9	5	2	0	2	4	5	0	5	0	0	0	0	0	2	0	0	0
*	5p	-	39	2808	1571	1299	2791	8469	4	5	10	14	1	4	0	2	3	3	1	6	0	0	0	0	0	2	0	0	0
*	5p	-	40	2736	1517	1289	2902	8444	0	9	4	7	1	0	0	0	4	4	0	5	0	0	0	0	1	0	0	0	0
*	5p	-	41	2710	1614	1256	2832	8412	4	3	3	6	1	1	2	0	1	10	0	3	0	1	0	0	3	0	0	0	0
*	5p	-	42	2746	1545	1247	2844	8382	7	6	8	7	2	1	0	0	1	0	0	6	0	0	0	0	0	0	0	0	0
*	5p	-	43	2695	1581	1240	2837	8353	2	6	0	14	3	3	1	1	3	2	0	4	0	0	0	0	1	0	0	0	0
*	5p	-	44	2715	1553	1230	2823	8321	7	14	4	12	4	6	0	5	4	9	2	4	1	0	0	0	0	2	0	0	0
*	5p	-	45	2672	1516	1256	2843	8287	4	8	4	8	3	9	1	6	6	6	0	5	1	2	0	0	0	0	0	0	0
*	5p	-	46	2463	1564	1337	2862	8226	2	7	2	12	1	8	1	1	2	11	1	11	1	1	0	0	0	2	0	0	0
*	5p	-	47	2721	1472	1224	2752	8169	8	8	4	15	1	4	1	2	2	9	0	4	0	0	0	0	0	0	0	0	0
*	5p	-	48	2722	1457	1225	2700	8104	4	5	5	10	3	8	1	3	1	3	2	2	0	0	0	0	3	0	0	1	0
*	5p	-	49	2648	1503	1222	2674	8047	5	3	4	9	4	7	0	4	7	14	1	4	0	0	0	0	3	0	0	0	0
*	5p	-	50	2578	1608	1203	2587	7976	7	1	5	12	1	4	2	0	3	10	1	6	1	2	0	0	2	1	0	0	0
*	5p	-	51	2635	1438	1171	2671	7915	4	4	7	10	5	8	2	1	4	9	4	3	0	0	0	0	3	0	0	1	0
*	5p	-	52	2586	1542	1121	2606	7855	5	2	5	9	0	2	0	0	7	15	0	1	0	2	0	0	0	1	0	0	0
*	5p	-	53	2473	1570	1182	2557	7782	10	5	3	16	2	4	0	8	2	21	0	2	0	0	0	0	2	0	1	2	0
*	5p	-	54	2559	1385	1206	2556	7706	6	5	3	15	1	3	0	2	5	25	4	2	0	0	0	0	2	2	1	2	0
*	5p	-	55	2451	1461	1141	2582	7635	4	6	2	9	0	12	0	2	7	32	0	0	0	0	0	0	5	2	0	0	0
*	5p	-	56	2452	1386	1122	2566	7526	9	13	2	21	4	13	0	4	10	18	0	5	0	2	0	0	2	1	2	0	0
*	5p	-	57	2525	1296	1165	2441	7427	9	4	1	11	1	26	2	4	7	11	2	7	0	4	0	0	2	2	1	0	0
*	5p	-	58	2543	1261	1100	2404	7308	13	6	0	13	2	12	2	3	6	27	3	10	0	3	0	1	2	0	0	0	0
*	5p	-	59	2479	1254	994	2484	7211	9	3	10	16	5	16	1	5	2	28	2	5	0	0	2	1	2	1	0	2	0
*	5p	-	60	2345	1361	992	2392	7090	10	0	8	7	3	12	0	6	1	28	0	5	1	2	2	2	8	2	0	0	0
*	5p	-	61	2181	1284	1078	2464	7007	2	6	4	9	1	14	3	5	7	24	3	10	0	2	0	0	2	0	0	0	0
*	5p	-	62	2338	1181	1015	2377	6911	12	7	3	17	6	12	2	3	2	38	3	1	0	3	0	0	3	0	0	2	0
*	5p	-	63	2250	1236	1043	2285	6814	5	10	3	18	1	21	0	9	1	30	1	7	0	1	0	0	6	1	0	0	0
*	5p	-	64	2272	1189	1070	2167	6698	4	8	3	14	2	13	0	5	6	32	0	9	0	2	0	0	5	2	0	0	0
*	5p	-	65	2242	1238	1012	2102	6594	7	5	7	12	4	12	0	10	4	24	1	6	0	1	0	0	9	3	0	0	0
*	5p	-	66	2138	1195	979	2177	6489	19	10	10	19	1	15	0	6	8	18	2	6	0	0	0	0	4	0	4	0	0
*	5p	-	67	2062	1267	964	2069	6362	8	3	2	8	4	13	2	4	4	21	0	4	0	0	0	0	5	0	0	0	0
*	5p	-	68	2079	1143	935	2107	6264	4	11	3	5	4	13	0	10	2	30	0	8	0	1	0	2	4	1	0	0	0
*	5p	-	69	2083	1090	931	2020	6124	7	4	4	17	15	9	0	5	3	27	1	5	0	0	1	0	0	2	0	0	0
*	5p	-	70	2049	1061	923	2017	6050	8	6	12	3	2	15	1	1	4	21	1	6	0	1	0	0	2	0	0	0	0
