# table produced by mapDamage version 2.0.1-10-g0a7fa27-dirty
# using mapped file - and 000_prefixes/Pi_nucl.fasta as reference file
# Chr: reference from sam/bam header, End: from which termini of DNA sequences, Std: strand of reads
Chr	End	Std	Pos	A	C	G	T	Total	G>A	C>T	A>G	T>C	A>C	A>T	C>G	C>A	T>G	T>A	G>C	G>T	A>-	T>-	C>-	G>-	->A	->T	->C	->G	S
*	3p	+	1	12707	11749	14870	10477	49803	597	221	369	145	133	136	349	338	323	296	143	203	0	0	0	0	0	0	0	0	215
*	3p	+	2	12488	14052	13117	10132	49789	570	151	234	167	165	117	250	453	196	405	186	131	5	3	0	5	1	4	14	1	208
*	3p	+	3	11456	13480	13775	11054	49765	355	176	256	124	107	147	308	303	278	279	98	141	1	15	8	4	8	38	1	3	201
*	3p	+	4	11787	13316	13765	10892	49760	374	91	170	129	103	59	219	435	193	439	98	62	1	7	5	3	43	4	9	5	200
*	3p	+	5	11469	13649	13857	10778	49753	264	100	163	72	80	56	261	263	178	244	64	57	6	8	12	3	37	24	4	11	194
*	3p	+	6	11549	13472	13498	11062	49581	254	72	97	71	73	37	114	310	87	315	35	56	2	10	14	4	192	32	13	17	191
*	3p	+	7	11500	13471	13705	10926	49602	153	72	81	77	66	22	92	139	84	127	47	45	19	68	73	24	130	21	17	70	188
*	3p	+	8	11272	13509	14107	10720	49608	165	53	58	82	59	22	49	126	52	116	27	27	12	52	57	14	170	10	11	45	187
*	3p	+	9	11387	13886	13643	10805	49721	123	68	70	64	60	21	34	96	65	74	25	23	24	43	48	18	81	12	6	26	186
*	3p	+	10	11308	13638	13969	10852	49767	98	51	56	59	54	18	39	68	41	54	38	22	19	21	28	16	50	5	2	24	185
*	3p	+	11	11111	13668	14340	10687	49806	133	59	53	63	59	18	35	42	44	29	37	25	10	32	30	13	26	7	0	11	184
*	3p	+	12	11142	13873	13836	10967	49818	106	63	49	78	52	21	36	42	29	30	29	21	12	10	15	14	18	3	5	5	182
*	3p	+	13	11419	13419	14307	10685	49830	94	62	63	65	50	12	27	34	45	17	22	28	7	6	11	10	6	5	7	7	180
*	3p	+	14	11173	13945	14192	10533	49843	93	53	59	63	51	28	28	30	51	13	27	23	4	3	8	7	4	1	5	4	179
*	3p	+	15	10992	14055	13938	10850	49835	82	71	50	57	47	13	24	23	47	15	23	12	4	6	8	4	6	6	3	7	178
*	3p	+	16	11184	13957	14199	10494	49834	95	52	54	58	51	22	25	22	35	16	19	27	2	5	1	7	6	6	4	7	177
*	3p	+	17	10885	13892	14255	10801	49833	83	56	66	43	57	14	24	26	30	19	14	18	2	3	2	5	7	7	6	4	176
*	3p	+	18	10885	14182	13846	10926	49839	94	45	54	49	46	23	27	25	41	15	23	18	0	2	3	5	6	4	4	4	175
*	3p	+	19	11004	13876	14273	10683	49836	109	58	60	64	46	17	24	26	30	17	19	24	3	4	4	7	3	9	4	5	175
*	3p	+	20	10887	13931	14225	10792	49835	96	50	48	71	52	15	26	31	26	16	27	25	2	5	5	4	6	6	8	2	175
*	3p	+	21	10767	14281	13963	10811	49822	68	64	50	62	45	12	24	21	36	15	19	21	4	7	2	2	2	2	10	6	174
*	3p	+	22	10880	14006	14104	10829	49819	80	57	49	55	39	15	29	18	41	15	15	16	9	3	1	2	1	1	2	2	173
*	3p	+	23	10853	14188	14333	10432	49806	60	55	59	48	52	14	37	24	30	19	20	21	2	4	1	5	3	1	2	5	171
*	3p	+	24	10835	14066	14032	10863	49796	72	45	62	49	32	11	19	22	39	15	20	25	6	2	4	7	4	3	1	0	171
*	3p	+	25	10998	13916	14160	10708	49782	76	58	43	54	55	16	15	33	30	18	32	28	7	2	5	8	4	3	2	0	169
*	3p	+	26	10860	13975	14126	10304	49265	81	79	60	52	50	18	32	31	28	17	25	17	8	5	5	5	0	3	3	1	168
*	3p	+	27	10662	13958	13549	10562	48731	76	64	55	54	50	17	24	24	35	22	28	28	3	3	4	2	2	3	3	2	168
*	3p	+	28	10531	13490	13898	10416	48335	76	77	45	50	41	15	21	19	38	15	19	26	2	4	2	2	5	3	4	4	168
*	3p	+	29	10337	13799	13663	10153	47952	82	90	55	60	48	9	30	22	26	12	23	23	2	3	2	1	2	4	2	3	168
*	3p	+	30	10174	13658	13295	10516	47643	72	81	55	57	42	10	26	23	32	16	23	22	1	2	2	1	2	1	1	1	167
*	3p	+	31	10346	13284	13389	10330	47349	69	71	46	51	40	16	24	14	28	26	16	22	3	3	6	0	0	0	3	1	166
*	3p	+	32	10326	13314	13408	10007	47055	66	71	51	53	46	17	11	30	27	14	15	24	3	1	0	5	2	1	1	0	164
*	3p	+	33	10039	13368	12965	10354	46726	61	71	39	54	45	17	15	32	26	14	26	28	0	2	2	3	0	3	1	1	158
*	3p	+	34	10106	12954	13116	10213	46389	71	62	49	65	30	12	24	19	30	17	14	22	6	3	4	2	1	1	1	0	157
*	3p	+	35	9982	13134	13010	9866	45992	51	76	54	46	45	18	21	19	24	12	12	26	3	2	2	0	2	1	2	0	151
*	3p	+	36	9838	13025	12733	9930	45526	55	70	55	35	25	9	20	19	20	17	25	12	0	2	7	0	0	2	1	1	144
*	3p	+	37	9922	12627	12699	9815	45063	58	87	53	41	27	19	13	15	17	21	14	21	2	2	4	0	0	2	3	2	132
*	3p	+	38	9733	12432	12407	9992	44564	52	89	41	39	30	20	21	17	19	4	15	29	0	1	2	2	1	0	0	2	117
*	3p	+	39	9505	12552	12185	9720	43962	65	84	54	51	20	10	13	21	13	7	24	20	3	2	1	2	0	2	2	0	109
*	3p	+	40	9488	12094	12024	9688	43294	52	89	38	29	25	16	21	20	15	9	18	16	1	2	2	3	1	2	2	0	105
*	3p	+	41	9324	11928	11789	9533	42574	74	71	46	34	21	11	18	18	15	15	12	18	1	1	0	3	4	2	2	1	97
*	3p	+	42	9098	11846	11512	9390	41846	54	89	41	53	32	17	6	17	18	17	14	18	2	4	2	2	2	0	2	3	83
*	3p	+	43	9168	11387	11149	9315	41019	36	88	31	37	23	11	8	5	24	13	10	20	3	1	3	3	0	1	3	2	69
*	3p	+	44	8799	11302	11030	9057	40188	54	102	47	43	29	8	15	21	18	12	16	19	2	3	2	3	0	0	4	1	65
*	3p	+	45	8741	10943	10487	9111	39282	50	92	36	40	21	11	8	17	14	11	19	20	0	1	1	2	3	5	0	2	58
*	3p	+	46	8434	10811	10417	8682	38344	38	104	51	39	24	9	14	14	18	8	4	18	3	1	2	2	2	4	0	1	52
*	3p	+	47	8265	10492	10113	8512	37382	43	81	43	36	24	15	7	14	24	13	11	14	3	0	0	1	2	1	0	2	44
*	3p	+	48	8031	10138	9645	8527	36341	52	81	26	31	16	10	12	11	15	19	10	12	0	2	5	1	0	1	0	1	34
*	3p	+	49	8003	9719	9449	8108	35279	30	93	40	42	20	14	11	14	11	9	8	10	1	4	4	3	1	0	1	0	26
*	3p	+	50	7532	9474	9368	7827	34201	38	89	24	27	16	5	10	18	11	10	10	16	3	2	4	5	0	1	0	2	16
*	3p	+	51	7387	9164	8821	7691	33063	42	91	20	27	20	11	11	8	17	8	6	16	4	1	2	1	0	1	0	1	11
*	3p	+	52	7204	8832	8441	7478	31955	37	78	25	27	20	2	8	15	10	9	8	18	3	2	1	3	0	0	0	0	10
*	3p	+	53	6929	8405	8237	7278	30849	39	80	29	39	15	6	8	10	11	12	4	10	1	2	2	0	4	0	0	1	9
*	3p	+	54	6603	8171	7976	6947	29697	27	99	24	23	17	5	6	6	13	8	5	15	0	1	1	3	6	0	0	1	8
*	3p	+	55	6525	7639	7584	6833	28581	20	76	26	25	9	10	5	9	12	9	7	16	1	1	0	1	0	3	1	1	7
*	3p	+	56	6106	7559	7330	6401	27396	32	73	18	29	6	2	6	7	6	9	5	9	2	0	2	1	0	1	0	1	6
*	3p	+	57	5971	7186	6760	6354	26271	25	67	19	29	15	6	8	9	9	8	6	15	1	1	0	0	0	2	0	2	6
*	3p	+	58	5630	6777	6699	6079	25185	27	69	29	22	8	9	8	8	7	7	7	18	0	0	2	2	0	0	0	1	6
*	3p	+	59	5456	6540	6481	5670	24147	20	71	21	25	8	5	6	6	7	8	5	12	1	1	1	1	0	0	1	0	3
*	3p	+	60	5322	6160	6013	5634	23129	19	73	22	12	17	3	7	14	7	5	7	12	0	0	2	1	2	1	1	0	3
*	3p	+	61	4980	6092	5792	5267	22131	27	69	20	19	7	7	4	6	8	8	4	15	2	1	0	0	2	2	0	1	2
*	3p	+	62	4776	5745	5492	5191	21204	21	47	16	17	8	7	7	3	8	2	3	16	1	0	2	0	0	1	0	2	2
*	3p	+	63	4580	5612	5247	4887	20326	15	51	16	22	6	4	9	11	4	10	3	8	1	2	0	1	1	1	2	2	2
*	3p	+	64	4422	5202	5082	4747	19453	14	49	8	11	9	8	3	6	2	4	3	7	0	1	4	0	0	3	0	0	1
*	3p	+	65	4326	5121	4738	4457	18642	15	62	20	18	6	2	6	3	3	3	7	10	2	0	1	1	0	2	0	1	1
*	3p	+	66	4068	4879	4517	4359	17823	20	79	17	18	7	3	2	7	2	10	1	2	0	1	1	1	0	0	1	1	1
*	3p	+	67	3973	4659	4351	4105	17088	13	55	15	14	9	8	5	5	3	6	4	7	0	0	0	1	3	0	0	0	1
*	3p	+	68	3764	4434	4202	3982	16382	17	72	17	13	9	3	4	6	7	1	7	9	1	1	1	1	4	1	0	0	1
*	3p	+	69	3469	4158	3937	3887	15451	20	76	13	11	8	5	3	3	5	2	5	10	1	0	0	0	2	0	1	1	1
*	3p	+	70	3343	3833	3623	3649	14448	13	52	10	11	7	2	2	6	7	4	2	3	1	0	0	1	3	0	2	1	1
*	3p	-	1	12995	11761	15065	10268	50089	557	201	378	119	136	158	384	324	347	321	159	186	0	0	0	0	0	0	0	0	219
*	3p	-	2	12447	14363	13070	10166	50046	561	130	235	177	156	122	252	435	208	391	198	117	1	1	3	4	5	6	24	9	217
*	3p	-	3	11576	13560	13789	11057	49982	368	187	236	133	102	140	280	289	247	252	97	157	1	9	5	2	27	54	14	20	216
*	3p	-	4	11824	13112	14108	10888	49932	377	98	174	106	82	61	209	416	151	401	81	80	2	9	10	7	103	19	19	30	212
*	3p	-	5	11305	13617	13947	11067	49936	253	96	165	101	78	45	222	262	165	219	51	71	4	21	27	9	68	37	13	59	208
*	3p	-	6	11740	13521	13399	11248	49908	261	76	99	71	79	30	100	361	78	346	39	53	14	33	45	12	118	34	15	50	207
*	3p	-	7	11514	13610	13837	10992	49953	174	57	91	68	60	30	83	179	66	174	40	31	15	45	56	35	61	22	12	84	205
*	3p	-	8	11377	13689	14092	10843	50001	158	68	61	57	52	26	62	143	52	141	31	20	14	29	51	19	61	12	11	51	201
*	3p	-	9	11367	14038	13838	10832	50075	139	60	100	73	72	30	51	95	47	99	25	31	11	28	43	25	27	13	3	21	201
*	3p	-	10	11344	13839	14246	10650	50079	132	66	61	54	65	16	30	73	46	55	26	25	21	20	24	14	29	7	6	13	200
*	3p	-	11	11009	14070	14325	10701	50105	100	76	66	69	56	18	30	48	40	35	29	31	11	30	19	11	13	5	6	8	198
*	3p	-	12	11344	13919	13859	11001	50123	97	55	55	65	63	16	25	40	41	23	30	15	4	8	18	14	4	7	3	3	196
*	3p	-	13	11229	13682	14266	10936	50113	92	51	68	63	57	13	39	35	33	14	37	24	8	7	7	9	9	3	10	6	195
*	3p	-	14	11111	14090	14411	10503	50115	99	56	66	54	44	22	31	38	43	21	25	23	3	7	7	8	12	4	2	8	192
*	3p	-	15	11216	14135	13836	10931	50118	89	52	58	64	59	21	22	30	33	29	21	14	4	1	6	4	6	4	10	3	192
*	3p	-	16	11277	13731	14349	10765	50122	113	60	60	66	59	12	25	20	31	14	31	21	5	4	5	6	4	7	3	4	189
*	3p	-	17	11093	14038	14282	10715	50128	91	52	57	59	53	16	25	23	39	22	22	17	3	7	6	8	1	1	4	6	188
*	3p	-	18	10964	14309	13965	10886	50124	82	53	57	56	42	13	28	30	30	19	37	20	4	3	7	4	4	7	3	3	187
*	3p	-	19	11306	13896	14209	10710	50121	98	60	53	54	55	16	26	30	29	22	27	17	2	6	4	5	4	3	4	8	187
*	3p	-	20	10808	14281	14379	10649	50117	94	46	54	67	45	22	29	30	31	14	15	17	3	5	3	2	6	1	7	9	186
*	3p	-	21	10736	14264	14134	10983	50117	78	67	48	57	50	12	19	23	35	13	16	28	2	5	4	5	1	4	0	4	186
*	3p	-	22	11116	13825	14319	10839	50099	84	62	54	58	49	13	21	30	37	23	13	17	4	6	3	6	5	2	4	0	185
*	3p	-	23	11126	14146	14241	10569	50082	79	57	66	69	42	30	24	32	30	18	12	26	2	0	3	4	3	1	1	2	185
*	3p	-	24	10791	14400	13970	10904	50065	69	78	49	55	53	25	25	26	35	23	24	28	2	3	1	6	3	2	2	3	185
*	3p	-	25	10992	14154	14169	10745	50060	70	67	44	56	45	25	28	36	37	20	28	30	3	4	2	5	1	3	3	0	181
*	3p	-	26	10489	14152	14109	10763	49513	79	72	50	50	51	23	27	28	37	23	32	24	3	4	3	4	1	2	0	0	181
*	3p	-	27	10656	14030	13657	10647	48990	85	72	51	46	54	17	26	33	37	19	12	23	3	1	1	3	1	1	1	1	180
*	3p	-	28	10614	13783	13761	10408	48566	79	65	51	58	48	17	19	16	30	14	17	20	3	1	2	2	1	0	1	1	179
*	3p	-	29	10494	13435	13807	10425	48161	76	76	43	48	50	12	28	26	19	13	22	30	1	0	2	5	2	2	0	1	179
*	3p	-	30	10242	13685	13327	10575	47829	70	78	49	59	41	9	27	30	25	15	19	26	1	5	1	2	5	4	1	2	179
*	3p	-	31	10348	13365	13409	10385	47507	69	81	51	66	33	18	20	19	27	19	28	18	5	3	1	4	0	3	3	2	178
*	3p	-	32	10120	13548	13414	10108	47190	62	80	56	45	28	23	18	22	27	12	17	25	4	5	2	1	0	2	0	2	176
*	3p	-	33	10049	13373	13078	10356	46856	54	75	51	58	41	18	18	13	36	19	19	27	2	2	3	2	1	0	1	3	173
*	3p	-	34	10232	12957	13242	10076	46507	48	70	47	67	43	16	20	21	31	17	17	29	1	2	2	4	3	0	1	2	164
*	3p	-	35	9968	12972	13190	9980	46110	54	73	56	49	39	8	15	18	24	13	16	28	2	5	2	1	1	4	1	1	156
*	3p	-	36	9749	13215	12563	10120	45647	55	92	40	50	31	13	22	18	18	12	10	16	1	4	5	4	2	1	3	2	148
*	3p	-	37	9991	12751	12700	9761	45203	64	85	46	38	28	8	12	19	28	17	21	17	3	3	1	3	1	0	1	3	137
*	3p	-	38	9802	12532	12496	9860	44690	60	94	37	35	33	17	15	30	35	18	12	21	3	0	2	6	1	2	0	3	131
*	3p	-	39	9590	12522	12019	9964	44095	61	86	44	40	30	8	7	16	30	16	19	18	4	1	3	3	0	3	1	1	123
*	3p	-	40	9480	12107	12098	9767	43452	70	77	45	48	22	15	15	15	16	11	16	27	2	1	1	4	3	1	0	1	114
*	3p	-	41	9326	12006	11907	9484	42723	56	95	43	30	24	11	17	16	16	9	17	18	1	1	1	7	4	1	2	0	104
*	3p	-	42	9065	11869	11392	9636	41962	42	81	38	34	19	10	16	14	21	10	11	18	3	3	1	3	0	0	0	1	91
*	3p	-	43	9198	11223	11425	9261	41107	40	80	44	37	20	9	10	14	15	6	14	19	2	2	1	4	2	1	1	0	81
*	3p	-	44	8813	11215	11278	8956	40262	41	86	40	34	19	11	11	15	16	14	25	21	2	5	3	4	0	3	0	2	75
*	3p	-	45	8484	10947	10647	9309	39387	60	98	20	39	22	7	17	16	19	8	20	15	1	2	3	2	2	1	0	2	71
*	3p	-	46	8593	10634	10321	8845	38393	63	87	44	53	20	8	14	18	18	11	8	22	3	0	4	1	0	1	0	0	61
*	3p	-	47	8286	10570	10139	8435	37430	45	90	40	40	18	8	7	10	13	11	12	17	0	2	3	2	0	2	2	1	50
*	3p	-	48	7950	10241	9806	8440	36437	39	87	31	31	11	11	5	14	12	10	6	17	0	0	4	2	1	1	1	1	43
*	3p	-	49	7901	9615	9610	8231	35357	41	82	39	28	20	14	3	14	9	10	7	18	2	1	2	1	0	2	3	0	31
*	3p	-	50	7593	9469	9279	7955	34296	40	79	35	22	14	9	10	8	15	11	10	18	1	1	0	3	1	1	1	1	22
*	3p	-	51	7407	9340	8799	7729	33275	40	73	45	22	15	3	6	14	15	12	7	17	1	0	2	0	0	1	1	0	16
*	3p	-	52	7292	8817	8450	7590	32149	32	100	34	31	10	12	5	9	14	11	4	16	2	2	1	0	0	1	0	1	13
*	3p	-	53	6880	8629	8384	7161	31054	38	113	31	31	18	6	3	11	7	6	7	12	3	1	0	1	2	1	0	0	8
*	3p	-	54	6674	8155	8056	7009	29894	39	95	21	26	9	6	6	10	11	8	9	11	1	2	2	0	2	0	2	0	7
*	3p	-	55	6648	7810	7454	6833	28745	34	79	25	24	18	5	14	14	17	10	9	9	1	0	1	1	0	1	1	0	5
*	3p	-	56	6106	7665	7345	6552	27668	36	94	31	27	13	9	3	13	11	7	5	8	0	3	2	2	0	0	0	1	3
*	3p	-	57	6044	7207	6992	6353	26596	26	92	25	16	12	3	8	10	7	6	7	10	1	0	0	1	0	0	0	2	3
*	3p	-	58	6010	6918	6660	5928	25516	15	75	25	25	13	9	5	8	9	7	8	6	0	1	1	1	0	2	1	2	1
*	3p	-	59	5670	6608	6464	5705	24447	22	76	18	20	10	5	5	7	14	5	6	16	2	0	2	1	1	4	0	0	1
*	3p	-	60	5275	6460	6070	5601	23406	21	71	20	12	16	8	8	7	8	3	10	12	0	2	2	2	0	1	0	0	1
*	3p	-	61	5110	5986	5982	5374	22452	28	76	20	21	15	6	3	4	8	3	8	5	0	1	3	1	0	0	0	0	1
*	3p	-	62	4857	5976	5583	5047	21463	26	56	22	22	5	14	4	11	9	5	9	4	1	1	0	2	0	1	0	0	1
*	3p	-	63	4570	5561	5387	5008	20526	21	55	18	12	8	10	10	8	5	9	3	8	0	0	1	1	1	0	0	0	0
*	3p	-	64	4569	5247	5171	4678	19665	17	67	15	20	7	7	3	13	6	4	3	4	1	1	0	2	0	0	0	0	0
*	3p	-	65	4389	5039	4911	4511	18850	14	58	19	16	10	3	6	13	4	6	9	6	0	0	0	0	0	0	0	0	0
*	3p	-	66	4062	4997	4565	4392	18016	18	40	9	19	8	5	3	6	4	2	2	4	0	0	1	0	1	0	2	0	0
*	3p	-	67	3912	4610	4547	4236	17305	13	66	18	4	6	4	2	11	6	5	2	4	0	0	1	1	1	1	0	0	0
*	3p	-	68	3775	4466	4222	4044	16507	18	58	12	20	9	4	1	2	4	2	4	5	0	0	2	0	2	0	0	0	0
*	3p	-	69	3508	4210	3945	3935	15598	9	48	11	15	6	5	3	7	9	4	4	4	0	1	0	0	0	0	0	0	0
*	3p	-	70	3409	3898	3737	3588	14632	14	67	9	10	6	3	5	5	3	6	3	7	2	0	0	1	0	0	0	0	0
*	5p	+	1	10477	14480	11642	13253	49852	117	467	77	73	99	63	62	81	54	67	93	96	0	0	0	0	0	0	0	0	21
*	5p	+	2	10376	13236	13732	12506	49850	81	398	75	66	62	53	43	35	47	43	49	66	2	5	7	4	1	1	1	0	15
*	5p	+	3	10902	13936	13289	11705	49832	60	233	60	65	68	33	29	37	49	42	41	74	8	5	6	7	3	4	3	3	6
*	5p	+	4	10925	14315	12832	11760	49832	49	190	56	58	83	27	27	65	38	26	32	53	6	7	7	3	5	8	4	4	5
*	5p	+	5	10769	14037	13515	11505	49826	52	173	61	49	51	21	27	29	32	25	15	24	8	4	8	6	8	8	7	6	4
*	5p	+	6	11221	13570	13440	11606	49837	58	151	48	53	40	17	20	23	31	24	15	24	8	9	4	7	11	4	1	2	3
*	5p	+	7	10996	14093	13395	11351	49835	55	135	59	67	48	26	25	14	25	10	21	19	6	4	5	5	1	9	5	6	3
*	5p	+	8	10842	14091	13803	11100	49836	45	119	61	53	52	18	24	23	26	21	19	22	5	4	3	4	5	4	6	5	3
*	5p	+	9	11167	13894	13547	11225	49833	48	103	54	54	51	14	26	22	24	14	16	22	1	3	3	3	9	5	3	5	3
*	5p	+	10	10855	14204	13674	11106	49839	48	96	57	51	33	15	17	19	37	14	18	20	3	1	4	1	5	9	1	2	3
*	5p	+	11	10582	14176	13937	11145	49840	40	107	54	39	39	28	16	10	23	16	19	26	0	5	4	4	4	2	3	7	2
*	5p	+	12	10977	13763	13910	11182	49832	49	87	69	49	45	25	12	13	27	15	12	16	1	2	8	3	6	5	4	9	2
*	5p	+	13	10854	14168	13459	11353	49834	55	83	61	68	49	14	30	28	34	15	15	33	1	4	5	6	5	6	3	9	2
*	5p	+	14	10740	14147	13795	11161	49843	59	89	58	64	36	11	20	20	33	14	18	26	4	3	1	3	5	2	2	5	2
*	5p	+	15	10728	13998	13905	11211	49842	38	93	54	53	49	20	14	20	29	18	10	21	4	4	6	17	3	1	8	2	2
*	5p	+	16	10584	14339	13807	11096	49826	65	90	43	86	58	20	29	35	38	31	50	26	16	10	21	11	2	7	4	4	2
*	5p	+	17	10536	14423	14097	10791	49847	64	96	45	48	43	13	27	25	39	14	21	27	12	26	3	5	0	3	6	1	2
*	5p	+	18	10883	13933	14003	11029	49848	57	78	53	63	44	17	38	24	44	22	14	28	12	5	2	12	2	2	1	4	2
*	5p	+	19	10619	14321	13847	11064	49851	51	90	46	63	52	12	20	23	27	12	13	19	10	9	6	5	2	1	2	1	2
*	5p	+	20	10652	14500	13782	10911	49845	63	71	58	61	48	15	30	26	33	25	29	23	12	5	10	9	5	2	3	2	2
*	5p	+	21	11001	13920	13987	10926	49834	72	87	72	54	74	17	32	37	47	16	21	23	8	8	5	7	0	3	4	0	2
*	5p	+	22	10744	14398	13908	10769	49819	70	98	55	65	65	14	22	34	32	25	29	27	7	3	8	3	3	0	2	1	2
*	5p	+	23	10662	14444	13868	10834	49808	67	83	60	68	51	16	42	34	61	27	31	12	4	2	8	6	1	2	2	3	1
*	5p	+	24	10837	14133	14056	10769	49795	63	69	59	76	45	25	28	31	38	15	31	20	4	2	5	3	1	2	4	1	1
*	5p	+	25	10561	14369	13868	10984	49782	60	84	59	64	75	14	34	29	34	17	23	25	7	4	2	3	1	3	2	2	1
*	5p	+	26	10499	14149	13993	10621	49262	59	67	65	54	62	10	24	18	45	18	30	21	6	5	3	7	2	1	4	3	1
*	5p	+	27	10621	13784	13945	10383	48733	61	77	71	65	57	6	45	26	39	16	40	25	3	1	0	4	0	2	4	2	1
*	5p	+	28	10484	13802	13511	10548	48345	67	66	55	58	39	14	25	20	30	19	21	16	1	2	4	3	1	0	3	2	1
*	5p	+	29	10262	13724	13838	10133	47957	73	60	44	62	41	11	31	23	44	14	23	29	2	1	3	4	2	3	1	0	1
*	5p	+	30	10520	13378	13698	10046	47642	84	74	55	55	30	20	24	19	37	12	26	14	0	2	2	0	3	1	2	0	1
*	5p	+	31	10163	13551	13384	10250	47348	80	66	45	52	38	13	23	23	36	11	17	15	1	2	3	3	2	1	1	0	1
*	5p	+	32	10129	13426	13492	10007	47054	90	65	50	48	34	8	15	23	31	7	19	21	2	2	1	1	0	3	2	0	1
*	5p	+	33	10019	13040	13439	10230	46728	87	55	43	51	27	8	21	18	26	10	17	19	1	2	4	1	0	1	1	1	1
*	5p	+	34	9996	13198	12926	10265	46385	62	67	46	51	30	9	26	15	44	13	12	12	4	0	1	4	1	2	3	0	1
*	5p	+	35	10020	13024	13080	9867	45991	71	43	36	39	38	7	15	24	31	17	18	26	2	0	2	2	3	0	2	1	1
*	5p	+	36	10147	12737	12824	9814	45522	70	65	38	58	40	12	21	31	31	9	18	14	0	1	2	3	5	1	3	0	1
*	5p	+	37	9950	12738	12632	9747	45067	79	59	50	67	28	8	27	21	19	5	18	13	0	1	1	1	1	1	1	0	1
*	5p	+	38	9839	12549	12567	9606	44561	66	55	50	60	44	15	12	34	20	15	22	14	1	1	3	1	4	1	0	1	1
*	5p	+	39	9939	12062	12453	9505	43959	70	56	39	33	35	6	19	26	31	16	11	16	0	2	1	2	2	1	1	1	1
*	5p	+	40	9616	12029	11980	9662	43287	87	42	53	42	28	12	26	25	25	24	13	14	0	2	2	1	5	1	2	3	1
*	5p	+	41	9594	11838	12019	9123	42574	96	62	43	44	33	7	25	18	19	11	10	18	0	1	0	2	0	3	1	3	1
*	5p	+	42	9511	11467	11886	8979	41843	100	64	51	44	25	6	14	25	19	13	17	13	0	1	2	1	3	1	2	1	1
*	5p	+	43	9339	11494	11303	8873	41009	82	57	37	34	22	6	15	25	18	9	10	15	0	2	2	0	6	3	2	3	1
*	5p	+	44	9216	10997	11156	8821	40190	88	47	38	53	18	6	16	16	21	12	16	19	1	1	2	1	0	0	0	1	1
*	5p	+	45	9050	10560	10959	8716	39285	99	52	47	41	23	5	17	22	17	17	10	18	1	2	3	4	1	3	0	1	1
*	5p	+	46	8787	10459	10582	8517	38345	96	39	48	40	24	9	12	15	19	13	16	20	0	2	6	3	1	2	1	0	1
*	5p	+	47	8584	10071	10483	8242	37380	107	36	33	33	12	10	17	17	25	7	17	21	1	3	3	2	3	2	0	0	0
*	5p	+	48	8605	9768	10132	7834	36339	101	44	41	38	15	12	12	20	20	21	11	15	2	1	1	0	0	0	2	1	0
*	5p	+	49	8143	9518	9715	7899	35275	99	35	24	22	23	11	21	22	17	21	12	14	2	1	0	1	4	0	1	1	0
*	5p	+	50	7874	9249	9460	7608	34191	68	27	36	30	16	3	10	20	11	13	7	9	1	3	4	0	6	1	3	2	0
*	5p	+	51	7757	8876	9236	7191	33060	107	42	34	23	23	7	12	11	11	14	13	17	0	3	0	3	2	0	1	1	0
*	5p	+	52	7553	8584	8672	7139	31948	88	29	37	36	17	9	15	19	15	19	20	8	0	2	1	4	4	0	1	1	0
*	5p	+	53	7316	8334	8356	6844	30850	94	30	30	23	19	12	18	28	9	9	9	15	1	3	1	0	4	1	0	0	0
*	5p	+	54	7064	7878	8009	6745	29696	106	33	32	36	14	8	14	22	11	14	13	11	1	0	2	2	2	2	1	3	0
*	5p	+	55	6824	7565	7729	6458	28576	88	36	19	35	15	11	16	25	11	23	11	20	0	1	7	0	7	0	0	1	0
*	5p	+	56	6454	7317	7424	6187	27382	88	27	27	23	11	9	20	27	18	19	8	13	1	1	0	2	8	1	3	3	0
*	5p	+	57	6335	6809	7315	5790	26249	92	23	38	27	11	7	12	29	13	21	9	11	1	1	5	1	13	2	3	6	0
*	5p	+	58	5932	6705	6879	5637	25153	70	30	30	24	9	7	12	32	27	36	5	11	2	4	6	2	23	1	1	6	0
*	5p	+	59	5835	6395	6438	5438	24106	94	34	40	34	12	14	21	46	23	53	5	10	2	3	9	2	26	4	3	5	0
*	5p	+	60	5624	5980	6276	5186	23066	103	22	26	19	6	7	26	57	20	41	10	11	1	9	15	1	41	6	1	12	0
*	5p	+	61	5326	5818	5866	5038	22048	121	29	35	20	13	13	32	61	21	66	12	17	4	15	11	4	51	5	2	17	0
*	5p	+	62	5030	5541	5772	4761	21104	93	37	35	18	13	15	39	80	34	61	20	19	4	12	15	6	55	7	3	22	0
*	5p	+	63	4998	5213	5416	4573	20200	88	28	39	17	18	17	54	102	39	96	17	17	5	24	19	5	86	2	5	23	0
*	5p	+	64	4638	4964	5255	4455	19312	95	25	51	23	20	14	72	131	50	112	23	22	6	27	32	7	73	14	6	33	0
*	5p	+	65	4444	4772	5008	4276	18500	114	39	60	23	22	24	93	147	63	171	25	28	2	30	31	10	90	11	4	22	0
*	5p	+	66	4272	4582	4747	4094	17695	127	46	69	37	26	32	114	208	94	177	17	32	7	21	25	4	78	20	3	10	0
*	5p	+	67	4187	4337	4490	3961	16975	123	44	93	35	27	40	136	222	93	224	41	41	8	17	21	6	54	17	9	16	0
*	5p	+	68	3979	4302	4213	3787	16281	156	64	101	58	33	53	142	227	131	217	42	47	6	15	20	4	56	15	3	15	0
*	5p	+	69	3723	3906	4216	3547	15392	177	84	123	44	42	71	139	255	132	226	60	79	6	6	7	5	20	13	4	5	0
*	5p	+	70	3467	3707	3831	3393	14398	158	80	149	57	46	64	163	225	137	227	69	76	2	3	3	0	17	10	4	2	0
*	5p	-	1	10589	14587	11770	13190	50136	138	484	101	76	99	76	61	101	58	71	99	102	0	0	0	0	0	0	0	0	32
*	5p	-	2	10564	13477	13652	12441	50134	76	404	69	57	74	58	34	44	63	40	62	99	4	0	1	1	2	0	0	0	22
*	5p	-	3	10848	14060	13228	11985	50121	65	252	67	65	65	29	39	28	44	31	41	80	1	2	6	5	3	3	1	0	17
*	5p	-	4	11036	14175	13151	11769	50131	36	210	74	47	71	31	26	46	43	33	28	56	4	5	0	6	2	1	0	2	15
*	5p	-	5	10969	14121	13415	11612	50117	52	166	55	50	44	16	21	21	35	16	17	23	3	2	4	10	5	7	4	4	15
*	5p	-	6	11373	13491	13649	11606	50119	47	128	52	67	57	22	27	28	44	16	19	23	2	5	4	7	8	6	3	3	15
*	5p	-	7	10999	14103	13545	11480	50127	63	119	67	66	39	13	18	26	26	15	6	27	5	3	6	5	4	5	1	2	13
*	5p	-	8	10924	14176	13764	11256	50120	60	107	50	56	41	19	20	22	32	16	23	13	3	6	3	6	8	6	4	3	13
*	5p	-	9	11191	14127	13821	10990	50129	51	131	57	39	53	19	19	22	34	27	13	15	5	4	2	4	1	3	4	3	13
*	5p	-	10	10924	14190	13684	11327	50125	52	96	56	70	42	12	14	21	35	18	18	23	3	4	6	2	4	3	3	5	12
*	5p	-	11	10894	14287	13875	11069	50125	46	112	61	68	44	16	11	24	34	19	11	20	3	4	2	8	4	6	5	0	11
*	5p	-	12	11024	13875	14087	11137	50123	65	96	46	49	53	14	19	20	31	19	13	21	3	1	4	3	5	5	3	5	9
*	5p	-	13	10714	14535	13532	11345	50126	66	104	61	50	41	12	34	19	50	14	20	21	3	2	4	1	5	0	6	6	7
*	5p	-	14	10624	14271	13853	11380	50128	45	112	36	65	52	21	19	22	33	9	16	23	1	4	3	5	4	4	2	5	6
*	5p	-	15	10841	13990	14155	11134	50120	55	96	48	50	35	18	15	24	36	17	19	18	1	2	6	18	8	6	6	3	6
*	5p	-	16	10810	14427	13639	11232	50108	70	95	55	92	73	15	38	41	32	24	45	17	9	6	21	7	5	9	2	6	6
*	5p	-	17	10722	14481	13817	11111	50131	57	91	65	74	48	12	20	28	37	14	17	13	12	26	6	8	5	3	2	2	5
*	5p	-	18	10819	14264	14040	11011	50134	67	94	66	53	51	16	38	24	36	25	19	21	8	9	12	14	2	1	1	5	5
*	5p	-	19	11037	14365	13877	10847	50126	47	77	53	58	51	15	21	11	31	14	17	18	9	11	8	14	3	3	3	8	4
*	5p	-	20	10710	14445	14014	10963	50132	55	94	72	64	53	19	26	31	27	23	33	20	5	10	12	10	3	5	1	2	4
*	5p	-	21	10687	14177	14237	11020	50121	73	85	65	61	53	20	37	26	43	33	28	24	7	7	3	6	3	2	2	0	4
*	5p	-	22	10719	14337	14034	11012	50102	68	73	54	64	55	20	36	32	38	15	20	21	6	9	8	9	2	1	4	4	3
*	5p	-	23	10644	14484	14029	10928	50085	58	95	83	78	46	18	33	27	47	19	34	23	8	5	1	5	0	1	3	3	3
*	5p	-	24	10635	14271	14209	10952	50067	47	68	62	60	51	19	24	28	43	7	30	19	3	3	4	3	1	2	4	5	3
*	5p	-	25	10755	14329	13929	11051	50064	72	79	71	57	50	19	38	28	46	25	16	17	2	3	4	3	0	2	1	3	3
*	5p	-	26	10457	14371	14042	10642	49512	79	74	47	61	59	10	27	28	32	17	18	16	4	3	3	1	1	3	1	1	3
*	5p	-	27	10748	13747	13946	10552	48993	76	91	53	70	47	19	43	38	39	15	42	21	4	3	7	2	0	1	2	0	3
*	5p	-	28	10489	13793	13607	10671	48560	71	61	69	72	45	16	15	33	37	15	21	20	5	6	3	4	0	4	3	2	3
*	5p	-	29	10158	13939	13755	10302	48154	42	72	56	68	30	13	30	29	45	17	24	24	1	5	3	1	3	2	5	1	2
*	5p	-	30	10593	13611	13451	10177	47832	79	61	52	55	52	16	22	24	41	14	26	11	1	4	4	6	2	2	2	2	2
*	5p	-	31	10227	13383	13473	10423	47506	57	57	43	51	47	16	18	20	27	8	12	19	3	3	3	4	4	0	2	2	2
*	5p	-	32	10321	13430	13458	9976	47185	76	62	49	45	41	12	17	20	26	16	18	20	3	1	1	1	1	3	3	2	2
*	5p	-	33	10287	13159	13349	10061	46856	68	62	50	42	26	9	34	22	21	16	10	19	3	3	2	2	0	1	1	2	2
*	5p	-	34	10204	13135	12887	10277	46503	83	53	43	60	33	14	11	19	30	11	20	13	2	1	4	3	0	2	3	5	2
*	5p	-	35	9917	13207	13032	9950	46106	71	69	45	60	34	9	17	21	31	8	14	20	2	2	1	2	2	2	4	3	2
*	5p	-	36	10089	12872	13126	9559	45646	76	49	35	47	44	13	10	34	21	10	23	15	1	2	1	2	2	2	1	3	2
*	5p	-	37	10082	12705	12612	9802	45201	86	47	37	49	36	5	15	14	19	13	15	18	3	5	2	0	1	1	2	3	2
*	5p	-	38	9795	12665	12654	9573	44687	68	52	54	46	35	5	25	33	23	8	30	14	1	0	0	3	0	3	1	5	2
*	5p	-	39	9833	12069	12626	9567	44095	91	59	49	27	21	7	18	23	24	17	18	22	1	1	0	3	0	3	1	1	1
*	5p	-	40	9719	12135	12125	9473	43452	81	48	61	42	29	8	26	22	27	16	19	17	0	0	0	1	1	1	0	3	1
*	5p	-	41	9581	11914	12061	9171	42727	118	51	43	43	27	10	17	21	20	9	15	6	1	0	2	3	3	1	0	0	1
*	5p	-	42	9505	11452	11902	9101	41960	79	52	51	39	23	8	14	15	10	11	13	14	0	0	2	2	1	0	2	0	1
*	5p	-	43	9392	11228	11337	9153	41110	83	49	39	32	22	8	18	13	20	18	13	19	0	2	2	4	0	1	0	0	1
*	5p	-	44	9077	11218	11145	8823	40263	103	45	42	48	21	13	21	22	13	7	11	8	0	2	2	1	2	1	0	1	1
*	5p	-	45	9029	10734	10885	8737	39385	93	55	42	43	21	6	28	13	17	17	14	18	2	0	1	2	2	1	3	1	1
*	5p	-	46	8760	10521	10423	8687	38391	107	56	47	40	21	9	19	27	26	18	12	14	1	2	1	3	2	1	1	0	0
*	5p	-	47	8578	10077	10466	8301	37422	112	42	29	39	22	9	14	21	22	23	15	22	0	1	6	1	2	1	1	8	0
*	5p	-	48	8460	9656	10305	8008	36429	85	45	30	37	18	14	15	18	19	21	10	13	3	1	2	5	3	3	1	3	0
*	5p	-	49	8231	9703	9578	7842	35354	100	39	33	29	16	12	13	22	22	14	9	15	1	1	2	6	0	1	2	3	0
*	5p	-	50	8063	9235	9431	7558	34287	91	32	35	39	15	11	20	21	21	18	18	19	3	3	2	2	3	2	2	3	0
*	5p	-	51	7783	8884	9322	7275	33264	82	57	29	32	16	10	14	25	16	14	15	14	0	0	2	2	4	4	2	0	0
*	5p	-	52	7418	8609	8846	7269	32142	73	35	41	33	16	8	19	30	16	21	13	16	2	1	0	0	0	3	0	3	0
*	5p	-	53	7333	8316	8416	6986	31051	89	42	41	17	15	14	19	17	11	19	12	13	0	1	4	2	3	0	1	2	0
*	5p	-	54	7020	7993	8257	6623	29893	90	39	18	20	14	9	13	19	16	18	7	10	0	2	0	2	1	0	1	2	0
*	5p	-	55	6680	7715	7861	6486	28742	73	25	27	30	17	12	20	26	5	25	4	16	3	3	1	1	2	1	0	2	0
*	5p	-	56	6636	7221	7581	6225	27663	90	33	22	14	8	13	15	30	6	22	12	14	1	3	4	2	1	1	1	3	0
*	5p	-	57	6332	6925	7423	5910	26590	83	28	33	21	15	9	18	22	14	32	6	12	2	3	8	2	5	0	0	3	0
*	5p	-	58	6098	6686	6851	5860	25495	69	22	20	19	15	4	16	30	16	41	3	12	2	3	3	0	9	6	2	7	0
*	5p	-	59	5894	6400	6618	5506	24418	93	26	30	25	12	12	27	56	18	43	7	24	3	5	7	2	15	1	2	11	0
*	5p	-	60	5692	6138	6243	5287	23360	90	33	41	30	12	7	18	62	24	57	6	15	3	4	11	1	22	8	1	11	0
*	5p	-	61	5397	5929	5946	5130	22402	84	21	33	34	15	15	28	74	29	73	10	12	1	13	19	3	23	8	3	8	0
*	5p	-	62	5125	5655	5781	4837	21398	96	28	29	18	13	10	48	89	21	91	19	17	1	11	17	4	25	6	5	20	0
*	5p	-	63	5015	5274	5512	4631	20432	117	29	47	19	14	20	45	84	40	98	13	28	4	12	17	8	39	10	7	23	0
*	5p	-	64	4848	5076	5114	4510	19548	115	45	53	25	17	24	47	170	42	131	29	22	6	13	17	14	43	16	6	37	0
*	5p	-	65	4498	4962	4970	4266	18696	121	42	49	29	16	25	85	179	58	175	29	29	11	24	29	7	63	18	7	48	0
*	5p	-	66	4438	4620	4811	4027	17896	129	40	69	27	28	26	95	209	68	181	21	31	3	22	28	8	56	11	7	34	0
*	5p	-	67	4236	4524	4488	3926	17174	160	51	95	27	26	48	129	225	92	213	31	41	5	15	25	13	54	14	16	32	0
*	5p	-	68	3825	4261	4426	3874	16386	163	71	101	52	41	45	142	242	95	240	51	56	5	18	20	11	45	22	12	21	0
*	5p	-	69	3750	3925	4340	3478	15493	166	61	123	46	37	59	156	223	135	206	59	68	3	10	14	7	37	19	7	16	0
*	5p	-	70	3500	3730	3904	3426	14560	143	79	141	64	57	65	170	219	141	223	68	73	2	9	16	5	26	7	8	8	0
