# table produced by mapDamage version 2.0.1-10-g0a7fa27-dirty
# using mapped file - and 000_prefixes/Pi_nucl.fasta as reference file
# Chr: reference from sam/bam header, End: from which termini of DNA sequences, Std: strand of reads
Chr	End	Std	Pos	A	C	G	T	Total	G>A	C>T	A>G	T>C	A>C	A>T	C>G	C>A	T>G	T>A	G>C	G>T	A>-	T>-	C>-	G>-	->A	->T	->C	->G	S
*	3p	+	1	6213	12410	16554	14845	50022	130	63	78	221	36	30	55	91	70	114	34	45	0	0	0	0	0	0	0	0	13
*	3p	+	2	14423	14363	9816	11420	50022	109	53	88	201	30	25	43	80	42	87	26	32	0	0	0	0	0	0	0	0	12
*	3p	+	3	12803	10969	13501	12750	50023	110	62	67	233	31	28	35	32	57	65	24	42	0	0	0	0	0	0	0	0	12
*	3p	+	4	12154	12059	13650	12159	50022	67	61	119	221	20	31	33	29	31	40	12	25	0	0	0	0	0	0	0	1	12
*	3p	+	5	12316	13196	12543	11966	50021	72	38	91	223	21	31	33	29	40	36	21	23	0	0	1	0	0	3	1	1	12
*	3p	+	6	13033	12414	13115	11451	50013	66	44	102	192	19	16	18	26	23	27	12	20	1	0	1	0	5	2	2	4	12
*	3p	+	7	12549	13208	12734	11527	50018	70	43	122	242	21	15	19	21	31	25	12	17	3	2	5	2	3	0	5	1	12
*	3p	+	8	13599	11821	13749	10854	50023	55	42	125	192	18	14	20	14	28	29	13	21	1	1	0	1	0	2	1	1	11
*	3p	+	9	13766	12468	13149	10635	50018	54	40	105	209	25	16	18	26	25	30	9	16	0	4	3	3	3	4	2	0	11
*	3p	+	10	12386	13144	13548	10941	50019	59	32	101	210	17	19	13	10	25	28	13	13	0	3	3	3	2	1	2	2	11
*	3p	+	11	11882	13314	13541	11281	50018	46	52	89	204	24	11	15	18	22	15	16	16	3	7	3	5	3	1	2	1	11
*	3p	+	12	11815	13279	13270	11660	50024	69	41	85	202	14	7	18	25	27	29	15	23	2	5	10	0	1	1	0	1	11
*	3p	+	13	11936	13119	13585	11384	50024	53	45	95	190	20	14	18	23	25	20	12	19	4	4	2	1	1	1	1	2	9
*	3p	+	14	12140	13177	13440	11264	50021	45	38	119	181	22	15	16	20	27	21	20	25	3	2	3	2	1	4	1	1	9
*	3p	+	15	12036	13127	13244	11332	49739	58	34	109	179	15	21	10	18	25	33	15	16	2	2	3	4	0	0	1	2	9
*	3p	+	16	12112	13025	13461	11424	50022	54	39	84	200	15	22	14	18	38	24	10	7	2	2	1	7	0	2	2	1	8
*	3p	+	17	12027	13260	13279	11458	50024	74	39	105	211	20	12	14	14	21	30	7	26	3	4	4	3	4	0	0	0	8
*	3p	+	18	12093	13084	13368	11469	50014	43	47	109	194	19	12	15	17	18	18	20	21	2	4	2	3	4	2	2	4	8
*	3p	+	19	12207	13033	13476	11302	50018	59	45	94	197	16	14	13	22	25	18	14	19	3	3	7	1	3	2	3	3	8
*	3p	+	20	11874	13179	13585	11380	50018	51	44	105	189	19	16	12	12	23	21	8	19	2	0	2	5	2	2	2	1	8
*	3p	+	21	12023	13377	13136	11483	50019	60	28	92	182	17	17	13	12	25	26	8	10	3	4	4	6	4	0	1	2	8
*	3p	+	22	12025	13186	13277	11523	50011	45	46	108	175	13	10	10	21	23	22	6	14	3	5	4	6	2	1	1	2	7
*	3p	+	23	12238	13021	13350	11408	50017	44	40	98	181	21	13	16	15	25	16	8	21	2	5	3	4	5	1	0	0	7
*	3p	+	24	12064	13194	13142	11616	50016	44	49	87	178	23	17	9	13	26	19	12	12	3	6	5	2	2	2	2	1	7
*	3p	+	25	12230	13028	13239	11513	50010	57	48	105	182	23	15	12	11	21	19	11	14	5	3	7	3	2	2	1	0	7
*	3p	+	26	12083	13139	13339	11448	50009	49	52	115	156	23	25	8	11	22	12	12	18	1	3	4	3	0	1	2	1	7
*	3p	+	27	12305	13163	12966	11564	49998	49	47	94	178	21	12	9	11	18	21	8	21	4	3	5	3	1	2	3	1	7
*	3p	+	28	12223	13100	13129	11534	49986	52	43	95	181	13	24	16	18	26	25	7	17	4	6	2	3	2	3	0	2	7
*	3p	+	29	12117	13131	13106	11619	49973	36	47	107	188	23	21	19	13	30	27	12	27	4	3	2	5	3	0	1	4	7
*	3p	+	30	12138	13155	12866	11799	49958	40	36	99	167	16	17	12	12	19	23	10	17	4	5	1	3	4	1	3	0	6
*	3p	+	31	12156	12874	13214	11702	49946	58	50	104	200	18	16	14	16	17	21	5	15	3	4	0	4	1	2	2	2	6
*	3p	+	32	11905	13226	13022	11766	49919	49	52	90	188	19	16	6	13	13	23	8	16	2	2	5	3	0	4	2	3	6
*	3p	+	33	11902	13401	12938	11642	49883	39	50	103	165	14	18	14	26	19	19	15	14	2	5	2	2	1	7	1	4	6
*	3p	+	34	11872	13186	13045	11742	49845	37	40	95	175	16	16	14	11	22	14	5	10	0	3	1	2	5	0	2	0	6
*	3p	+	35	11899	13225	13015	11657	49796	32	43	82	180	29	15	8	10	24	30	14	16	2	4	2	2	3	0	3	1	5
*	3p	+	36	11885	13099	13021	11715	49720	46	50	104	154	17	19	6	13	16	22	10	18	1	4	2	2	5	2	0	2	4
*	3p	+	37	11965	13168	12860	11641	49634	45	37	98	193	18	14	10	17	18	22	10	20	2	3	5	1	2	4	1	0	4
*	3p	+	38	11924	13149	12834	11632	49539	51	26	97	180	16	11	10	15	26	20	7	14	4	5	2	1	1	2	2	0	4
*	3p	+	39	11828	13175	12652	11727	49382	38	39	78	174	21	18	13	14	20	24	3	12	1	2	6	2	6	0	0	1	4
*	3p	+	40	11745	12938	12762	11774	49219	38	65	105	172	14	14	10	16	23	14	7	17	3	4	1	5	3	2	3	3	4
*	3p	+	41	11736	13161	12600	11541	49038	47	42	107	196	16	14	7	17	11	12	12	10	2	5	2	1	5	4	1	2	4
*	3p	+	42	11741	12983	12441	11631	48796	41	50	79	181	18	20	9	14	25	19	11	11	2	3	3	2	1	3	1	1	4
*	3p	+	43	11642	12880	12546	11436	48504	32	38	91	169	12	13	7	18	13	16	7	24	1	0	2	3	3	3	2	2	4
*	3p	+	44	11531	12838	12360	11455	48184	48	37	88	156	15	17	7	13	11	27	10	20	1	2	2	3	1	2	0	1	4
*	3p	+	45	11581	12680	12335	11236	47832	34	51	95	147	19	18	7	15	19	20	8	21	1	0	2	1	0	3	1	4	3
*	3p	+	46	11471	12628	12051	11292	47442	41	44	93	128	24	11	11	12	26	19	9	19	4	4	3	5	0	1	5	1	2
*	3p	+	47	11262	12530	12193	10997	46982	32	50	90	136	14	9	9	11	19	14	10	23	3	7	5	2	1	1	2	1	1
*	3p	+	48	11185	12469	11558	11256	46468	33	48	88	116	11	16	6	10	25	12	7	10	2	1	2	1	1	6	1	3	1
*	3p	+	49	10919	12158	11798	11094	45969	42	51	88	124	17	16	14	10	14	15	8	17	2	3	4	0	0	2	0	3	1
*	3p	+	50	10861	12117	11466	10940	45384	26	49	89	145	11	19	8	15	14	17	13	17	4	1	2	2	3	0	0	1	0
*	3p	+	51	10745	11971	11287	10814	44817	39	40	85	152	10	18	10	11	20	12	5	18	1	1	3	2	3	0	0	0	0
*	3p	+	52	10854	11738	10965	10625	44182	34	40	88	146	14	16	10	10	19	18	12	15	3	3	3	1	1	0	1	1	0
*	3p	+	53	10504	11526	11187	10320	43537	30	21	83	124	12	16	3	16	11	16	8	26	1	3	1	4	0	1	3	0	0
*	3p	+	54	10402	11392	10682	10353	42829	27	46	99	118	7	5	8	4	12	29	11	9	4	3	2	2	4	1	3	1	0
*	3p	+	55	10151	11233	10602	10113	42099	26	38	76	121	7	13	9	8	13	10	7	14	3	5	0	2	3	2	6	0	0
*	3p	+	56	9908	10920	10587	10015	41430	26	51	83	115	14	16	4	12	17	7	7	12	1	0	4	1	1	2	0	0	0
*	3p	+	57	9794	10941	10145	9776	40656	32	46	69	103	19	18	8	13	21	15	14	12	2	5	0	3	0	2	4	2	0
*	3p	+	58	9693	10521	10061	9596	39871	24	39	64	122	17	20	12	10	14	13	6	18	2	4	1	2	2	0	2	2	0
*	3p	+	59	9480	10194	9950	9407	39031	36	36	72	110	16	11	4	10	15	15	10	11	2	1	0	1	1	2	4	1	0
*	3p	+	60	9286	10174	9494	9306	38260	26	29	70	118	15	12	13	12	15	17	5	14	4	1	1	0	1	1	1	2	0
*	3p	+	61	9061	10078	9321	8960	37420	29	48	73	100	16	11	7	12	14	13	5	13	2	3	0	3	1	4	2	2	0
*	3p	+	62	8810	9762	9193	8812	36577	33	33	77	103	15	12	5	10	8	10	2	14	0	2	0	0	1	6	0	1	0
*	3p	+	63	8659	9522	8882	8713	35776	37	42	61	99	9	14	7	8	15	9	6	14	2	3	0	2	1	0	1	0	0
*	3p	+	64	8511	9071	8948	8383	34913	36	49	66	93	14	10	6	8	12	12	6	20	0	3	2	2	2	3	1	3	0
*	3p	+	65	8315	8995	8616	8200	34126	19	30	66	85	18	16	5	11	10	11	5	10	2	2	1	2	5	4	1	1	0
*	3p	+	66	8072	8760	8388	8128	33348	34	36	53	95	6	13	8	4	17	17	5	16	5	1	2	3	4	1	3	2	0
*	3p	+	67	7836	8598	8255	7855	32544	26	42	57	84	9	4	5	12	10	16	3	17	8	3	1	3	2	2	0	2	0
*	3p	+	68	7759	8308	8010	7648	31725	18	31	43	75	16	4	5	11	12	11	9	12	3	2	2	0	1	4	0	3	0
*	3p	+	69	7382	8074	7757	7719	30932	17	27	43	79	7	7	4	5	7	14	8	14	3	6	1	2	2	2	1	0	0
*	3p	+	70	7289	8006	7505	7294	30094	30	31	49	74	13	7	5	6	11	10	2	14	3	1	3	2	2	0	0	0	0
*	3p	-	1	6082	12381	16509	14995	49967	132	65	87	188	35	40	51	110	77	104	44	54	0	0	0	0	0	0	0	0	20
*	3p	-	2	14266	14626	9683	11393	49968	90	59	79	190	26	24	34	62	48	68	20	32	0	0	0	0	0	0	0	0	19
*	3p	-	3	12533	11251	13433	12747	49964	107	51	73	238	20	33	27	38	53	47	23	37	0	0	0	0	1	0	1	1	19
*	3p	-	4	12266	11841	13553	12297	49957	89	45	105	226	23	20	23	29	33	41	14	21	1	1	0	0	4	4	0	1	17
*	3p	-	5	12414	13149	12578	11818	49959	78	47	85	205	30	16	24	28	23	32	10	29	1	0	1	0	3	2	1	4	17
*	3p	-	6	12781	12237	13210	11729	49957	70	43	103	200	26	16	17	22	37	29	9	31	1	6	0	0	4	3	3	2	16
*	3p	-	7	12531	13184	12566	11671	49952	65	48	98	234	23	26	25	16	29	30	12	20	2	8	2	1	6	2	6	3	16
*	3p	-	8	13519	11875	13711	10855	49960	71	43	113	209	16	13	19	19	21	23	8	24	5	1	3	2	6	1	2	1	16
*	3p	-	9	13659	12529	13293	10481	49962	73	38	106	183	19	21	20	11	22	33	6	28	3	5	3	1	3	1	3	0	16
*	3p	-	10	12476	13098	13515	10872	49961	55	34	111	208	21	17	15	25	27	23	13	15	5	2	3	4	3	3	0	3	16
*	3p	-	11	11899	13244	13475	11341	49959	69	44	93	175	19	18	20	15	23	22	14	21	6	2	4	6	1	1	7	1	15
*	3p	-	12	12003	13118	13094	11745	49960	54	45	96	214	27	16	13	21	29	16	11	24	4	4	6	6	2	2	2	2	14
*	3p	-	13	12106	12878	13535	11446	49965	43	41	81	186	22	12	16	25	23	20	13	19	3	2	8	4	0	2	1	1	14
*	3p	-	14	12201	13070	13379	11312	49962	39	35	103	210	24	15	14	12	30	21	14	20	2	8	4	4	1	1	5	1	14
*	3p	-	15	12307	12928	13241	11222	49698	37	42	104	219	23	19	13	16	20	23	12	21	5	0	4	5	5	2	3	1	14
*	3p	-	16	12168	12977	13306	11505	49956	53	43	97	190	21	15	9	18	30	29	6	17	1	2	5	3	6	4	1	1	14
*	3p	-	17	12088	13114	13369	11390	49961	48	33	110	228	16	17	8	21	23	25	13	24	2	3	3	3	4	0	1	4	14
*	3p	-	18	12009	13167	13312	11470	49958	53	33	97	198	19	11	18	15	14	21	10	19	1	5	1	2	5	1	2	3	13
*	3p	-	19	12090	13020	13394	11456	49960	46	37	99	179	27	16	11	16	27	23	16	23	3	2	0	2	2	2	1	1	12
*	3p	-	20	11906	13248	13419	11388	49961	52	43	105	190	20	16	9	24	25	22	12	13	9	3	4	2	3	2	4	0	12
*	3p	-	21	12082	13123	13185	11567	49957	41	44	125	209	25	24	13	16	22	18	14	17	4	7	4	6	2	3	1	3	11
*	3p	-	22	12205	13031	13280	11428	49944	55	54	103	171	25	13	16	14	25	22	11	15	4	5	7	4	3	1	0	3	11
*	3p	-	23	12041	13041	13440	11437	49959	46	44	101	173	24	21	8	17	19	19	10	12	4	3	4	3	0	2	0	5	11
*	3p	-	24	11955	13285	13154	11552	49946	43	44	103	178	15	15	12	15	28	26	9	16	3	0	0	2	3	4	4	4	10
*	3p	-	25	12206	13029	13110	11600	49945	48	43	113	194	19	13	11	21	21	30	8	19	1	3	1	1	1	0	1	3	10
*	3p	-	26	12211	13070	13252	11417	49950	46	50	91	189	17	14	14	20	23	19	8	20	1	2	1	3	2	1	3	2	10
*	3p	-	27	12091	13211	12950	11685	49937	48	38	88	171	17	14	4	14	25	17	6	15	1	3	1	1	2	1	2	2	10
*	3p	-	28	12170	13051	13244	11456	49921	49	36	105	178	12	11	10	11	21	12	7	22	2	2	0	1	1	1	0	3	10
*	3p	-	29	12212	13012	13047	11648	49919	42	41	111	197	26	17	13	16	26	19	16	21	2	1	2	2	0	2	1	0	10
*	3p	-	30	11980	13205	13127	11592	49904	55	34	94	182	25	11	10	14	18	14	7	20	3	0	1	2	0	3	3	1	9
*	3p	-	31	12117	13212	13104	11462	49895	44	48	116	167	17	17	11	14	30	21	4	23	3	5	0	4	3	0	1	0	9
*	3p	-	32	12165	13186	12880	11643	49874	41	33	109	170	22	18	8	15	25	20	10	23	2	1	2	2	1	2	2	0	9
*	3p	-	33	11932	13280	13003	11642	49857	39	42	97	157	14	18	12	19	17	20	6	13	1	3	1	4	1	0	0	2	9
*	3p	-	34	11906	13243	13070	11588	49807	43	50	101	167	24	14	10	14	21	24	10	15	4	3	2	2	3	0	1	4	9
*	3p	-	35	11916	13221	13162	11465	49764	43	38	101	137	15	10	7	18	18	18	4	17	1	5	3	4	1	1	2	1	8
*	3p	-	36	11845	13392	12832	11621	49690	47	47	78	156	12	10	7	10	22	22	4	23	2	2	5	2	3	2	1	4	8
*	3p	-	37	11943	13081	12964	11618	49606	51	45	109	168	20	20	8	19	17	22	10	14	4	4	1	0	2	2	1	0	8
*	3p	-	38	11751	13465	12690	11594	49500	48	48	92	171	16	12	6	7	15	18	10	19	1	3	4	0	1	6	3	2	8
*	3p	-	39	11649	13141	12761	11807	49358	45	52	93	157	20	17	10	11	13	24	10	12	0	0	2	4	3	2	1	2	8
*	3p	-	40	11824	12978	12567	11819	49188	41	35	98	153	20	14	9	13	20	22	13	18	1	4	1	4	5	4	4	0	8
*	3p	-	41	11894	12967	12631	11495	48987	34	54	94	157	21	18	10	13	17	15	10	14	5	3	2	3	3	1	3	1	8
*	3p	-	42	11586	13002	12428	11720	48736	38	50	107	163	18	17	11	10	14	15	8	24	2	4	1	1	0	4	3	1	8
*	3p	-	43	11603	12876	12474	11502	48455	38	60	118	167	16	15	10	12	25	26	3	18	4	1	2	4	3	3	3	1	8
*	3p	-	44	11592	12835	12449	11272	48148	34	48	85	151	16	13	10	19	20	12	9	20	3	2	1	1	1	3	1	2	8
*	3p	-	45	11399	12784	12226	11370	47779	30	50	91	143	19	16	9	19	21	21	13	24	2	1	3	1	1	0	1	1	8
*	3p	-	46	11359	12520	12175	11303	47357	41	44	86	154	18	19	14	12	14	16	6	18	4	4	4	1	2	0	2	0	8
*	3p	-	47	11305	12516	12086	10976	46883	35	60	85	140	15	20	7	16	19	20	9	22	2	1	6	1	0	0	1	1	8
*	3p	-	48	11253	12297	11767	11069	46386	43	63	94	133	18	16	5	10	17	23	8	24	0	4	0	2	1	3	1	1	8
*	3p	-	49	11055	11967	11820	11011	45853	37	40	89	135	16	11	9	11	16	24	5	16	3	1	2	0	1	0	0	1	8
*	3p	-	50	11083	12110	11468	10668	45329	33	38	90	118	14	10	8	6	15	15	6	15	0	1	1	3	0	0	0	1	7
*	3p	-	51	10770	11862	11385	10680	44697	39	51	97	163	15	11	5	11	12	18	4	24	1	1	1	3	0	1	3	0	7
*	3p	-	52	10672	11699	11218	10491	44080	39	41	72	134	10	12	4	6	22	23	11	13	1	2	1	1	1	4	0	1	7
*	3p	-	53	10513	11613	10977	10327	43430	36	37	87	131	10	16	5	10	15	28	8	21	3	6	2	2	0	3	0	2	6
*	3p	-	54	10345	11234	10799	10368	42746	24	39	90	124	18	11	6	14	21	16	5	16	1	2	1	1	2	4	1	0	6
*	3p	-	55	10156	11128	10779	9996	42059	36	37	58	120	12	11	3	9	13	13	6	22	2	1	5	5	2	2	0	1	6
*	3p	-	56	9861	11127	10494	9842	41324	35	37	69	130	10	12	14	8	11	13	9	13	3	2	5	1	2	0	3	1	5
*	3p	-	57	9951	10653	10152	9835	40591	29	40	70	135	18	12	8	14	10	21	16	20	1	3	2	4	0	2	1	0	5
*	3p	-	58	9602	10577	10083	9534	39796	42	45	77	121	7	16	8	12	15	21	7	7	6	0	1	1	1	4	2	1	5
*	3p	-	59	9296	10279	9919	9509	39003	37	35	56	102	14	10	8	16	11	13	5	22	2	1	0	1	2	1	2	0	5
*	3p	-	60	9110	10043	9641	9392	38186	25	43	76	121	9	11	12	9	13	13	7	15	3	0	3	1	1	2	0	1	3
*	3p	-	61	9072	9965	9269	9014	37320	19	38	73	107	12	13	5	11	16	11	4	19	1	1	1	1	1	5	0	2	3
*	3p	-	62	8783	9606	9323	8830	36542	33	29	56	112	15	7	9	8	10	10	7	10	0	2	0	0	1	1	4	0	3
*	3p	-	63	8559	9450	9046	8678	35733	23	33	60	94	12	14	2	5	11	12	7	11	0	3	1	2	1	4	2	2	3
*	3p	-	64	8248	9201	8872	8572	34893	21	44	43	109	9	9	8	14	14	17	8	20	2	2	1	2	2	4	1	2	3
*	3p	-	65	8206	9084	8651	8089	34030	25	36	63	75	15	6	11	13	14	8	10	12	3	2	4	1	5	1	0	2	3
*	3p	-	66	7916	8915	8252	8136	33219	22	35	58	82	10	4	8	7	11	12	6	16	2	3	1	2	1	3	1	1	3
*	3p	-	67	7820	8664	8212	7691	32387	23	34	49	108	8	13	8	5	4	16	6	14	1	1	0	3	1	0	2	1	3
*	3p	-	68	7651	8257	7980	7704	31592	24	28	43	94	14	13	8	10	4	15	6	9	1	1	0	0	1	0	2	1	3
*	3p	-	69	7446	8117	7686	7515	30764	30	32	67	84	11	8	6	5	7	11	12	6	1	0	1	0	2	1	1	0	2
*	3p	-	70	7258	8045	7556	7082	29941	22	29	48	57	11	10	8	10	16	9	6	8	1	1	1	1	0	2	0	1	2
*	5p	+	1	15855	17391	10959	5822	50027	47	72	129	56	23	17	18	25	17	15	11	22	0	0	0	0	0	0	0	0	12
*	5p	+	2	10631	9598	14891	14907	50027	33	77	95	86	12	23	18	15	17	23	4	22	1	4	0	1	0	0	0	0	11
*	5p	+	3	12976	14194	10570	12283	50023	36	76	91	97	25	14	18	20	22	15	13	18	0	1	4	1	0	2	1	1	10
*	5p	+	4	12488	13898	11538	12086	50010	30	45	54	146	13	12	12	30	24	16	6	20	1	1	4	1	0	3	1	2	10
*	5p	+	5	11786	12898	12883	12451	50018	43	57	76	150	10	18	18	12	15	20	11	23	2	3	1	3	4	2	2	2	10
*	5p	+	6	11813	13358	12007	12840	50018	26	51	101	148	17	17	4	14	22	16	11	21	4	4	4	4	2	1	4	4	9
*	5p	+	7	12324	12771	12845	12083	50023	32	40	128	128	15	21	4	15	19	24	7	13	3	3	4	4	2	2	2	0	9
*	5p	+	8	10992	14073	11525	13431	50021	37	47	105	149	22	25	5	8	15	18	10	19	2	6	3	2	1	3	2	2	9
*	5p	+	9	10673	13444	12340	13565	50022	29	55	106	191	20	16	10	13	25	13	8	24	5	2	5	1	1	3	1	2	9
*	5p	+	10	11280	13881	12900	11962	50023	41	50	108	148	24	13	6	14	21	17	3	24	3	4	10	3	0	3	0	3	9
*	5p	+	11	11560	13644	13261	11558	50023	49	51	121	149	27	20	13	22	28	13	3	13	3	6	1	5	1	1	2	2	7
*	5p	+	12	11865	13228	13178	11755	50026	31	60	100	149	14	10	13	14	21	15	8	20	4	4	1	4	0	1	1	1	7
*	5p	+	13	11882	13543	12762	11832	50019	43	32	120	160	19	19	14	17	18	24	7	15	6	2	1	2	4	2	4	0	7
*	5p	+	14	11401	13755	12979	11885	50020	30	48	102	178	17	9	5	10	16	21	12	20	3	3	1	3	3	4	1	1	6
*	5p	+	15	11592	13609	12969	11831	50001	30	45	118	145	14	15	17	9	16	26	8	18	1	3	4	3	3	1	2	4	6
*	5p	+	16	11748	13596	12678	11997	50019	32	50	94	159	19	16	7	17	27	14	6	17	0	5	4	1	1	4	4	1	6
*	5p	+	17	11559	13701	12971	11792	50023	31	58	115	173	14	9	8	9	24	23	9	13	2	4	4	5	2	1	2	1	5
*	5p	+	18	11838	13531	12867	11787	50023	24	38	116	133	14	11	3	11	25	21	6	20	6	3	4	2	2	2	1	1	5
*	5p	+	19	11953	13458	12793	11819	50023	32	54	109	165	14	11	8	18	21	17	7	19	2	2	1	1	2	2	1	1	5
*	5p	+	20	11602	13655	13038	11724	50019	42	41	105	160	18	16	8	19	16	18	8	19	1	1	3	2	5	1	2	2	5
*	5p	+	21	11975	13355	13020	11669	50019	40	47	117	154	20	21	10	28	22	23	11	22	8	1	3	4	2	1	4	2	5
*	5p	+	22	11782	13617	12711	11914	50024	36	56	114	138	12	16	15	13	16	22	10	25	1	3	3	2	1	3	0	0	5
*	5p	+	23	11594	13583	12911	11934	50022	39	50	105	185	18	16	8	11	17	20	6	20	3	2	1	1	2	1	1	0	4
*	5p	+	24	12084	13255	12927	11757	50023	36	32	103	164	18	25	9	8	21	20	9	17	6	1	2	1	2	1	0	0	4
*	5p	+	25	11887	13514	12711	11908	50020	33	40	97	162	24	23	11	11	17	13	14	16	1	3	1	2	2	2	0	2	4
*	5p	+	26	11706	13291	13119	11886	50002	33	56	90	176	13	12	21	16	15	23	14	14	3	1	3	1	5	2	0	3	3
*	5p	+	27	12113	13252	12936	11692	49993	31	44	108	188	25	16	7	15	13	12	9	14	3	6	3	0	3	4	1	3	3
*	5p	+	28	11890	13341	12860	11895	49986	33	54	103	159	20	14	17	10	27	17	18	22	2	3	3	3	1	3	0	4	3
*	5p	+	29	11662	13484	13031	11798	49975	46	43	97	177	13	20	11	13	27	26	9	16	1	4	2	0	1	1	4	2	3
*	5p	+	30	11993	13250	12893	11829	49965	39	51	119	166	16	15	12	18	29	22	10	22	5	0	2	2	3	2	2	0	3
*	5p	+	31	11891	13324	12878	11852	49945	40	53	104	151	23	10	4	11	19	25	14	12	3	2	4	1	1	4	2	1	3
*	5p	+	32	11721	13121	13312	11768	49922	44	44	84	169	20	21	10	10	11	16	10	14	2	3	5	3	1	2	2	1	3
*	5p	+	33	11864	13260	13049	11719	49892	43	47	101	166	21	17	8	15	18	14	15	15	3	2	3	0	1	2	0	2	3
*	5p	+	34	12169	13287	12708	11680	49844	45	42	108	169	17	17	8	15	24	21	11	18	6	4	3	2	6	0	1	2	3
*	5p	+	35	11838	13263	13148	11545	49794	55	45	106	181	13	18	10	9	21	16	5	22	3	2	0	3	2	1	4	1	2
*	5p	+	36	11949	13258	13004	11511	49722	48	42	100	159	13	12	12	11	25	19	10	20	2	4	3	0	6	0	3	0	2
*	5p	+	37	12057	13170	12757	11652	49636	37	42	112	159	13	17	10	13	15	16	4	12	1	5	0	3	1	2	1	3	2
*	5p	+	38	11989	13192	12810	11549	49540	44	37	121	164	20	18	8	16	20	10	12	19	5	2	3	3	2	1	1	2	1
*	5p	+	39	12064	12687	13116	11521	49388	42	42	104	150	21	16	7	11	21	18	6	18	2	4	1	0	1	0	1	2	1
*	5p	+	40	11977	13072	12697	11482	49228	49	37	92	173	15	19	10	6	18	16	8	15	3	0	2	3	2	2	0	0	1
*	5p	+	41	11820	13034	12793	11395	49042	38	46	81	169	16	16	10	17	25	21	9	18	3	2	2	2	1	3	1	4	0
*	5p	+	42	11912	12633	12736	11519	48800	45	34	80	166	18	21	12	15	19	22	10	15	4	2	3	3	1	1	0	0	0
*	5p	+	43	11724	12957	12513	11315	48509	45	40	87	164	25	13	10	18	23	20	9	17	1	3	3	3	3	1	2	0	0
*	5p	+	44	11782	12598	12533	11266	48179	46	41	84	162	22	13	12	12	28	17	14	15	2	2	5	4	3	1	2	3	0
*	5p	+	45	11816	12340	12550	11126	47832	48	39	99	182	14	15	13	12	21	17	9	17	1	3	2	3	4	2	0	2	0
*	5p	+	46	11606	12476	12115	11245	47442	49	30	80	158	26	10	11	16	19	21	9	13	3	2	2	1	1	0	3	2	0
*	5p	+	47	11498	12193	12326	10964	46981	52	44	102	190	16	12	9	15	27	18	7	19	6	6	5	1	2	2	1	2	0
*	5p	+	48	11490	11924	12137	10919	46470	47	42	81	150	15	11	15	15	20	31	9	28	1	6	3	3	2	3	2	2	0
*	5p	+	49	11364	11924	11760	10919	45967	52	42	88	165	32	16	6	18	23	21	14	15	0	8	2	1	0	1	2	2	0
*	5p	+	50	10987	11896	11869	10623	45375	54	46	87	141	14	12	15	19	21	21	11	13	5	6	2	3	4	4	1	3	0
*	5p	+	51	11082	11419	11753	10561	44815	58	44	81	146	12	12	8	15	19	19	8	21	1	2	2	2	1	2	1	0	0
*	5p	+	52	10931	11444	11425	10374	44174	47	36	83	160	12	24	12	18	15	28	6	19	4	3	3	1	6	3	0	0	0
*	5p	+	53	10710	11279	11350	10195	43534	47	45	69	141	23	18	11	11	15	25	9	14	2	1	2	1	3	2	0	1	0
*	5p	+	54	10476	10990	11245	10122	42833	51	28	62	159	12	11	15	12	9	21	11	13	1	4	4	2	1	4	0	0	0
*	5p	+	55	10300	10852	10983	9971	42106	36	33	75	155	11	13	12	16	14	19	10	20	1	3	3	2	1	0	2	2	0
*	5p	+	56	10115	10702	10888	9724	41429	46	35	64	151	22	9	8	14	17	21	12	24	3	2	3	4	2	1	1	1	0
*	5p	+	57	10270	10276	10601	9513	40660	43	34	67	138	15	8	9	16	24	19	6	13	2	4	0	1	3	1	0	0	0
*	5p	+	58	9729	10330	10269	9543	39871	44	40	75	134	18	14	14	17	18	21	16	18	3	3	0	0	0	4	2	0	0
*	5p	+	59	9549	9970	10364	9150	39033	60	38	62	132	25	19	18	10	10	23	9	21	2	3	2	2	3	0	2	0	0
*	5p	+	60	9508	9708	9973	9069	38258	45	38	57	123	18	15	14	14	20	19	12	11	2	2	2	2	3	2	1	1	0
*	5p	+	61	9251	9571	9717	8879	37418	27	30	66	140	17	13	7	17	19	8	11	14	5	1	3	5	5	2	3	1	0
*	5p	+	62	8964	9448	9550	8614	36576	45	34	68	123	8	23	12	13	25	28	12	19	0	2	0	3	0	6	1	2	0
*	5p	+	63	8818	9085	9316	8555	35774	56	43	53	125	11	11	10	14	10	20	14	14	1	0	1	0	2	2	0	1	0
*	5p	+	64	8645	8936	9021	8311	34913	44	31	55	121	23	8	12	17	28	16	8	25	1	2	2	3	3	1	5	1	0
*	5p	+	65	8321	8660	9062	8093	34136	47	26	71	104	13	12	12	4	18	22	10	16	2	4	1	0	3	0	1	0	0
*	5p	+	66	8496	8389	8701	7768	33354	34	25	60	108	19	14	3	6	13	14	12	8	2	2	0	2	3	0	1	1	0
*	5p	+	67	8058	8303	8370	7814	32545	42	23	57	106	16	12	11	9	15	24	8	15	1	3	4	0	0	2	0	3	0
*	5p	+	68	7902	8053	8393	7383	31731	36	22	50	107	10	11	9	12	13	17	5	21	2	2	1	2	0	1	1	0	0
*	5p	+	69	7765	7746	8122	7254	30887	27	27	38	99	15	17	9	15	12	10	13	13	3	3	0	3	0	1	0	0	0
*	5p	+	70	7450	7722	7725	7196	30093	34	25	50	104	15	8	11	8	19	12	7	7	3	2	2	3	0	1	0	2	0
*	5p	-	1	15636	17565	11016	5750	49967	66	80	127	68	27	12	17	28	18	26	21	19	0	0	0	0	0	0	0	0	12
*	5p	-	2	10645	9563	14722	15035	49965	29	68	118	104	20	26	18	13	28	14	14	25	3	0	0	0	0	0	0	0	11
*	5p	-	3	12889	14174	10577	12325	49965	47	76	79	68	20	19	13	21	29	23	8	34	1	1	2	1	0	0	0	0	11
*	5p	-	4	12384	13763	11677	12137	49961	37	72	78	130	17	13	10	17	18	19	8	21	2	1	1	1	0	0	0	0	10
*	5p	-	5	11950	12776	12824	12414	49964	39	56	78	146	9	10	8	18	21	27	6	20	2	1	3	3	1	3	0	1	10
*	5p	-	6	11799	13375	12003	12791	49968	35	63	91	164	22	14	5	15	17	22	8	20	1	0	0	2	1	0	1	1	9
*	5p	-	7	12200	12653	13132	11981	49966	33	53	122	168	18	23	11	12	15	20	7	22	1	3	1	0	0	2	3	0	9
*	5p	-	8	11209	13993	11429	13336	49967	25	44	113	156	17	19	7	16	15	16	10	20	4	3	2	0	1	0	1	1	9
*	5p	-	9	10764	13573	12212	13416	49965	33	48	104	149	17	21	7	13	15	26	4	22	3	3	4	0	1	4	0	1	9
*	5p	-	10	11166	13955	12784	12059	49964	35	49	102	136	18	16	4	12	17	16	11	16	1	2	1	0	2	1	3	1	9
*	5p	-	11	11660	13576	13278	11449	49963	45	45	114	160	15	15	15	11	18	20	6	19	4	1	3	2	1	5	2	0	9
*	5p	-	12	11857	13409	13056	11642	49964	37	46	101	151	12	12	9	15	19	30	7	23	4	4	1	2	0	3	2	2	9
*	5p	-	13	11762	13765	12599	11836	49962	27	52	103	170	19	15	10	19	23	22	12	25	2	1	3	2	5	0	0	4	7
*	5p	-	14	11790	13692	12800	11682	49964	35	46	112	166	15	13	3	8	17	23	12	12	0	3	2	3	3	0	3	1	7
*	5p	-	15	11725	13527	12888	11800	49940	30	46	113	176	15	16	5	11	26	17	8	20	2	2	0	3	1	1	3	2	7
*	5p	-	16	11598	13768	12766	11827	49959	36	54	116	163	12	21	10	14	18	15	7	17	1	2	1	0	5	4	1	2	7
*	5p	-	17	11590	13474	13177	11721	49962	27	40	110	152	12	11	4	12	16	17	5	23	2	2	3	1	1	6	2	0	7
*	5p	-	18	11607	13493	12992	11868	49960	31	61	103	141	28	15	8	15	13	14	6	19	2	1	1	1	2	3	3	3	7
*	5p	-	19	11698	13707	12846	11709	49960	42	44	103	172	9	14	9	6	18	21	11	15	1	7	2	4	2	3	4	2	7
*	5p	-	20	11760	13453	13207	11545	49965	45	45	121	143	10	18	7	10	16	14	12	25	3	3	4	1	0	2	1	2	6
*	5p	-	21	11958	13194	13147	11668	49967	32	41	113	146	20	13	5	12	19	17	10	12	8	8	2	2	1	0	1	0	6
*	5p	-	22	12035	13516	12761	11653	49965	40	50	128	175	12	13	12	10	17	14	12	12	2	1	2	3	1	0	1	1	6
*	5p	-	23	11944	13467	12774	11776	49961	28	60	112	175	20	16	5	13	24	21	10	18	1	2	1	1	1	3	0	1	6
*	5p	-	24	11834	13324	12932	11866	49956	39	38	99	179	22	17	10	11	24	11	8	28	3	2	4	2	3	2	1	1	6
*	5p	-	25	11695	13434	12782	12036	49947	34	42	96	157	17	18	14	14	33	16	12	21	3	2	4	2	5	5	4	2	6
*	5p	-	26	11688	13426	13090	11744	49948	42	31	127	130	19	16	16	10	19	15	10	17	0	1	0	2	6	2	1	2	6
*	5p	-	27	12062	13073	12819	11989	49943	38	42	102	176	27	18	7	13	12	22	16	9	2	0	0	4	1	1	1	0	6
*	5p	-	28	11834	13461	12639	11989	49923	35	40	92	157	20	12	14	15	26	23	8	14	4	3	2	4	2	0	0	3	6
*	5p	-	29	11731	13334	12957	11892	49914	50	41	119	156	21	14	11	19	27	21	11	16	1	3	5	6	3	3	1	0	6
*	5p	-	30	11859	13317	13003	11727	49906	35	39	111	159	20	15	25	19	19	32	13	18	0	3	5	2	2	2	1	4	6
*	5p	-	31	11937	13247	13085	11624	49893	35	48	118	191	17	13	4	20	19	24	6	21	2	3	2	4	2	2	2	0	6
*	5p	-	32	11842	13274	13013	11737	49866	31	53	108	158	17	21	9	15	19	17	9	17	2	3	3	0	2	5	3	4	6
*	5p	-	33	11998	13126	13133	11594	49851	41	45	106	185	18	19	5	14	20	18	8	11	0	3	1	4	2	1	4	2	6
*	5p	-	34	11981	13246	12953	11626	49806	37	39	116	163	22	11	7	9	23	20	9	16	1	1	3	2	1	5	3	2	6
*	5p	-	35	11751	13106	13291	11608	49756	40	41	89	172	16	14	9	14	23	19	12	24	4	2	2	0	3	2	4	2	6
*	5p	-	36	12112	13218	12839	11526	49695	54	40	80	155	15	13	5	7	25	23	7	20	1	2	3	0	0	1	2	3	6
*	5p	-	37	11854	13245	12922	11578	49599	56	46	99	170	10	19	7	18	21	27	13	18	3	1	1	1	1	5	3	2	3
*	5p	-	38	11835	13029	12990	11645	49499	35	54	89	174	14	11	5	12	15	18	8	23	5	3	1	4	3	2	4	2	3
*	5p	-	39	11985	12881	12836	11655	49357	40	36	96	181	15	17	11	8	14	23	8	14	5	0	2	3	3	0	2	4	3
*	5p	-	40	12106	12765	12914	11406	49191	38	45	110	171	22	12	13	15	17	19	11	18	4	3	2	1	5	4	1	0	3
*	5p	-	41	11890	12790	12815	11494	48989	39	40	85	186	19	15	11	18	23	21	9	17	5	2	2	2	1	2	3	1	3
*	5p	-	42	12006	12613	12868	11253	48740	45	42	110	157	29	11	6	17	24	24	4	25	2	1	2	2	1	1	1	1	2
*	5p	-	43	12042	12750	12504	11162	48458	46	43	97	141	13	19	12	10	17	20	17	15	3	6	1	2	0	4	3	1	2
*	5p	-	44	11804	12555	12784	11009	48152	56	33	81	197	23	18	12	22	23	10	10	20	1	1	1	0	1	0	2	2	2
*	5p	-	45	11762	12431	12399	11184	47776	50	32	82	172	23	17	11	13	22	26	7	10	1	2	2	0	0	5	1	1	2
*	5p	-	46	11430	12262	12384	11279	47355	54	41	78	162	15	19	13	18	19	26	6	25	3	2	4	4	1	1	4	0	2
*	5p	-	47	11427	12174	12287	10991	46879	58	54	96	184	17	20	13	11	24	27	12	27	2	0	5	2	1	2	2	0	1
*	5p	-	48	11255	12038	12240	10853	46386	44	42	84	168	21	14	12	12	21	13	3	21	2	4	1	1	1	2	1	2	1
*	5p	-	49	11168	11961	11905	10814	45848	45	39	91	170	15	18	10	12	18	13	12	15	2	0	4	4	2	2	0	3	1
*	5p	-	50	11059	11619	11799	10851	45328	60	38	65	141	16	14	6	13	30	21	10	22	2	3	3	4	1	0	1	2	1
*	5p	-	51	11183	11490	11580	10443	44696	45	40	92	185	14	16	13	10	19	20	9	15	2	1	0	2	1	1	2	2	1
*	5p	-	52	10750	11574	11482	10279	44085	40	37	69	150	25	16	7	19	15	18	9	30	3	5	5	3	2	0	2	0	1
*	5p	-	53	10583	11281	11251	10317	43432	56	42	84	166	19	12	9	6	14	23	11	15	4	0	4	2	2	0	1	1	0
*	5p	-	54	10530	10898	11162	10159	42749	43	27	65	154	20	19	14	15	17	23	8	13	2	3	2	3	2	0	2	1	0
*	5p	-	55	10341	10848	10960	9911	42060	40	38	70	140	14	12	15	14	15	16	13	15	5	0	3	3	1	2	0	0	0
*	5p	-	56	10140	10717	10847	9623	41327	46	44	75	141	12	15	9	20	18	18	11	16	4	2	1	2	4	0	1	1	0
*	5p	-	57	9940	10437	10699	9512	40588	41	32	68	129	14	13	10	17	18	14	9	15	5	2	3	1	3	1	0	3	0
*	5p	-	58	9841	10281	10305	9369	39796	44	35	57	136	18	14	10	19	16	16	8	21	1	4	2	0	2	3	2	1	0
*	5p	-	59	9665	9934	10299	9108	39006	45	30	64	115	21	9	9	12	17	23	9	14	2	3	1	2	1	0	1	0	0
*	5p	-	60	9519	9738	9942	8988	38187	44	47	70	134	26	19	7	13	12	19	17	7	5	2	1	3	1	0	1	1	0
*	5p	-	61	9196	9644	9651	8831	37322	37	28	67	134	20	11	18	14	20	13	9	20	2	4	1	0	2	1	2	1	0
*	5p	-	62	8960	9332	9506	8745	36543	43	36	52	127	12	9	13	12	19	19	17	15	5	0	1	2	1	1	1	2	0
*	5p	-	63	8927	9100	9313	8393	35733	41	35	71	104	13	11	10	14	17	11	7	23	2	2	2	5	3	3	1	2	0
*	5p	-	64	8673	8826	9096	8302	34897	49	42	61	136	14	7	15	10	21	15	8	20	0	5	2	4	2	2	0	1	0
*	5p	-	65	8250	8772	8837	8175	34034	39	28	51	123	14	21	13	8	20	13	6	13	1	0	0	1	2	1	2	2	0
*	5p	-	66	8242	8371	8789	7816	33218	45	31	36	96	17	10	6	7	13	13	13	12	0	3	4	1	2	0	2	3	0
*	5p	-	67	8048	8153	8482	7702	32385	44	36	57	112	18	12	7	15	15	15	6	15	0	0	1	4	3	2	1	1	0
*	5p	-	68	7882	7917	8284	7507	31590	40	22	54	105	20	4	12	12	21	20	11	14	0	3	1	1	3	0	2	2	0
*	5p	-	69	7706	7783	7961	7270	30720	36	28	61	101	9	16	14	15	14	16	7	14	3	3	1	2	0	2	2	0	0
*	5p	-	70	7391	7587	7780	7181	29939	43	18	39	106	10	13	9	7	15	17	6	11	0	3	2	1	2	3	0	1	0
