# table produced by mapDamage version 2.0.1-10-g0a7fa27-dirty
# using mapped file - and 000_prefixes/Pi_mito.fasta as reference file
# Chr: reference from sam/bam header, End: from which termini of DNA sequences, Std: strand of reads
Chr	End	Std	Pos	A	C	G	T	Total	G>A	C>T	A>G	T>C	A>C	A>T	C>G	C>A	T>G	T>A	G>C	G>T	A>-	T>-	C>-	G>-	->A	->T	->C	->G	S
*	3p	+	1	3513	943	1109	3782	9347	43	18	33	19	20	62	5	26	16	93	5	10	0	0	0	0	0	0	0	0	0
*	3p	+	2	3868	895	1100	3483	9346	32	6	23	16	7	25	4	16	14	67	1	5	0	0	0	0	0	1	0	0	0
*	3p	+	3	3818	830	1044	3654	9346	20	3	16	10	3	27	5	9	19	36	0	7	0	0	0	0	0	1	0	0	0
*	3p	+	4	3765	874	1045	3661	9345	12	2	13	9	2	14	3	8	10	29	0	0	0	0	0	0	0	1	1	0	0
*	3p	+	5	3805	841	1039	3660	9345	13	3	7	1	3	9	2	8	5	23	1	1	0	0	1	0	1	0	1	0	0
*	3p	+	6	3742	883	1004	3710	9339	11	1	2	6	1	8	0	3	1	6	0	1	1	0	0	0	2	3	3	0	0
*	3p	+	7	3751	921	990	3679	9341	4	1	3	3	3	7	0	0	1	6	0	0	1	3	1	1	2	2	2	0	0
*	3p	+	8	3776	910	1090	3562	9338	9	3	3	8	4	5	1	1	0	7	3	0	1	3	0	0	6	3	0	0	0
*	3p	+	9	3691	946	1074	3626	9337	9	2	3	10	5	7	0	0	0	6	0	0	0	0	0	0	5	4	1	0	0
*	3p	+	10	3678	988	1106	3570	9342	10	3	6	2	2	4	0	2	0	7	0	0	0	1	0	0	2	2	0	1	0
*	3p	+	11	3620	955	1183	3573	9331	9	3	2	4	3	6	0	2	3	4	0	1	0	1	1	1	4	8	2	2	0
*	3p	+	12	3691	914	1138	3594	9337	4	1	3	3	1	6	0	0	1	1	0	1	0	0	0	0	1	5	2	2	0
*	3p	+	13	3734	951	1192	3458	9335	3	4	3	4	1	7	0	2	2	2	0	1	0	0	1	0	4	4	1	3	0
*	3p	+	14	3775	984	1165	3402	9326	11	3	1	6	4	6	0	5	0	8	1	0	0	0	0	0	4	9	3	5	0
*	3p	+	15	3610	1014	1149	3567	9340	5	5	6	3	0	1	0	1	3	6	0	0	1	0	0	0	2	1	2	2	0
*	3p	+	16	3470	1016	1206	3642	9334	4	3	6	0	0	4	0	0	5	9	1	1	0	0	0	0	6	4	1	2	0
*	3p	+	17	3687	952	1182	3518	9339	6	3	4	3	4	7	1	0	1	5	0	1	1	1	0	0	3	4	0	1	0
*	3p	+	18	3645	1016	1206	3468	9335	5	4	0	3	2	8	0	2	0	8	0	2	0	4	0	1	5	6	0	1	0
*	3p	+	19	3535	1056	1225	3524	9340	7	1	3	7	1	4	0	1	1	5	0	1	2	1	0	0	2	4	1	0	0
*	3p	+	20	3600	970	1174	3598	9342	6	3	7	9	2	4	0	0	0	13	0	1	1	3	1	1	2	2	1	0	0
*	3p	+	21	3615	1019	1108	3593	9335	6	5	2	7	2	5	0	2	1	2	0	1	1	0	0	1	3	5	3	1	0
*	3p	+	22	3603	1023	1149	3568	9343	4	6	10	7	2	8	1	3	3	10	0	1	2	4	0	0	1	2	1	0	0
*	3p	+	23	3696	929	1165	3550	9340	5	8	5	7	2	18	0	1	5	7	1	3	5	3	0	0	3	2	0	1	0
*	3p	+	24	3527	889	1138	3785	9339	9	4	11	13	6	35	0	1	4	24	1	8	7	4	2	0	2	2	3	1	0
*	3p	+	25	3612	993	1170	3562	9337	10	15	16	15	8	59	1	8	6	40	5	11	2	3	1	0	5	3	0	2	0
*	3p	+	26	3473	866	1148	3461	8948	15	7	13	19	6	69	1	5	6	36	5	11	8	2	0	0	5	5	2	0	0
*	3p	+	27	3257	910	1102	3313	8582	19	11	12	16	8	54	1	6	8	41	7	14	7	5	0	3	1	3	3	1	0
*	3p	+	28	3124	942	1088	3134	8288	6	13	11	11	12	57	0	4	10	50	3	10	2	7	1	1	1	1	0	1	0
*	3p	+	29	3074	847	1056	3021	7998	12	8	14	14	8	57	0	5	9	37	4	8	5	5	0	2	1	2	2	0	0
*	3p	+	30	2935	841	1061	2902	7739	8	11	14	13	7	38	0	3	10	34	2	10	8	2	0	0	2	4	1	0	0
*	3p	+	31	2887	793	1077	2756	7513	6	9	12	18	7	46	2	1	5	43	4	7	5	2	0	0	3	3	1	1	0
*	3p	+	32	2778	788	1030	2696	7292	6	8	7	11	9	47	4	8	4	34	2	8	6	4	0	1	1	3	0	0	0
*	3p	+	33	2611	847	928	2687	7073	10	8	10	11	8	38	0	4	1	36	6	8	4	4	1	1	3	6	3	0	0
*	3p	+	34	2574	768	961	2585	6888	9	2	12	10	8	44	2	5	5	24	2	6	4	5	2	1	2	6	2	1	0
*	3p	+	35	2453	782	912	2540	6687	13	13	8	6	6	44	1	4	7	27	1	10	8	6	1	3	1	1	0	2	0
*	3p	+	36	2392	796	889	2446	6523	14	6	8	11	8	41	1	6	4	43	2	12	1	2	0	0	3	3	0	1	0
*	3p	+	37	2348	736	918	2336	6338	10	8	6	6	10	45	2	4	5	31	3	8	1	2	3	1	2	2	1	0	0
*	3p	+	38	2333	705	890	2275	6203	7	5	9	12	5	47	0	5	3	42	3	5	6	6	0	1	4	0	0	1	0
*	3p	+	39	2223	723	870	2225	6041	9	9	8	5	4	41	2	3	7	24	3	6	5	6	1	1	2	5	1	0	0
*	3p	+	40	2147	726	866	2126	5865	9	9	7	4	7	39	1	3	2	32	3	9	2	3	1	0	0	4	1	1	0
*	3p	+	41	2055	717	905	2018	5695	12	10	7	5	8	43	1	2	1	26	6	10	5	3	0	0	2	3	0	0	0
*	3p	+	42	2028	699	805	1988	5520	6	4	15	2	5	40	1	4	5	27	1	2	4	2	0	0	1	1	0	3	0
*	3p	+	43	1978	680	812	1895	5365	7	9	7	7	2	41	0	1	5	26	3	4	3	0	0	4	4	2	1	2	0
*	3p	+	44	1849	683	810	1865	5207	8	10	3	6	8	26	0	3	6	29	1	4	4	2	1	2	1	0	2	0	0
*	3p	+	45	1832	616	804	1817	5069	12	5	6	9	8	34	0	1	1	14	0	1	5	0	0	3	1	1	0	1	0
*	3p	+	46	1780	618	794	1728	4920	10	4	8	7	7	15	0	2	3	19	1	2	2	0	1	1	2	2	1	0	0
*	3p	+	47	1682	583	757	1777	4799	6	5	5	4	3	17	1	4	1	21	3	4	3	3	1	1	0	1	0	0	0
*	3p	+	48	1679	597	760	1610	4646	5	6	4	6	6	12	0	2	5	16	0	3	2	3	1	1	4	2	0	0	0
*	3p	+	49	1576	653	735	1567	4531	6	6	7	6	6	16	0	2	2	15	2	5	2	1	0	1	1	1	2	0	0
*	3p	+	50	1525	588	733	1571	4417	5	6	4	4	3	13	0	3	2	13	1	2	2	2	1	1	1	2	0	0	0
*	3p	+	51	1526	596	684	1522	4328	2	10	4	6	5	15	0	3	4	9	2	2	1	1	0	1	0	2	1	0	0
*	3p	+	52	1480	609	667	1474	4230	3	6	3	3	4	15	0	6	2	12	1	3	1	4	0	1	1	1	0	0	0
*	3p	+	53	1487	500	662	1478	4127	1	5	4	6	4	14	1	1	0	8	2	1	2	2	1	0	1	0	0	0	0
*	3p	+	54	1432	510	650	1450	4042	1	4	3	6	3	9	0	0	1	10	0	0	3	2	1	1	1	0	0	1	0
*	3p	+	55	1384	560	686	1321	3951	5	2	0	3	4	8	1	2	0	6	0	4	3	0	0	0	1	1	0	1	0
*	3p	+	56	1393	502	637	1340	3872	2	6	1	5	0	19	0	1	2	7	0	3	3	0	1	0	1	2	0	0	0
*	3p	+	57	1314	545	616	1314	3789	3	4	1	4	3	6	1	1	2	13	0	3	1	1	0	0	0	0	2	2	0
*	3p	+	58	1237	547	627	1305	3716	3	1	4	1	1	5	1	0	0	7	0	2	2	0	0	0	0	1	1	0	0
*	3p	+	59	1244	498	631	1257	3630	4	3	1	1	3	6	0	1	1	7	0	0	2	2	0	0	1	1	0	0	0
*	3p	+	60	1226	481	610	1248	3565	1	2	5	2	3	7	0	2	1	4	0	0	1	3	0	2	0	1	0	2	0
*	3p	+	61	1221	488	597	1176	3482	1	4	3	4	2	5	1	1	2	3	0	1	3	0	1	0	0	0	0	0	0
*	3p	+	62	1158	463	606	1179	3406	2	2	1	2	3	7	0	2	0	6	1	0	1	0	1	0	2	0	0	0	0
*	3p	+	63	1170	466	586	1125	3347	1	5	4	3	2	11	1	1	1	7	0	1	1	1	1	0	0	1	0	0	0
*	3p	+	64	1118	461	592	1102	3273	3	5	3	2	3	5	0	1	1	5	0	1	0	0	0	2	0	2	2	1	0
*	3p	+	65	1090	447	577	1088	3202	1	8	0	3	2	5	0	1	0	6	1	0	1	0	0	0	0	1	0	1	0
*	3p	+	66	1089	430	569	1044	3132	2	4	2	2	3	2	0	1	0	4	1	1	0	1	1	0	0	1	0	0	0
*	3p	+	67	1017	436	564	1044	3061	5	2	3	3	1	3	0	1	1	7	0	2	1	0	0	0	0	0	0	1	0
*	3p	+	68	1016	414	528	1034	2992	3	4	1	4	0	2	0	2	0	4	0	1	0	0	0	0	0	0	0	0	0
*	3p	+	69	989	428	534	973	2924	1	5	1	1	2	3	0	1	2	5	1	0	1	1	0	0	0	0	0	0	0
*	3p	+	70	952	403	521	984	2860	1	2	1	3	1	3	0	1	3	5	0	2	1	2	0	0	0	0	0	0	0
*	3p	-	1	3457	1153	898	3862	9370	36	7	23	31	14	45	11	14	23	89	4	7	0	0	0	0	0	0	0	0	1
*	3p	-	2	3901	1047	910	3508	9366	18	4	17	13	6	32	10	17	21	60	0	7	0	0	0	0	3	0	1	0	1
*	3p	-	3	3862	949	860	3697	9368	23	4	13	15	7	27	6	9	14	39	0	1	0	0	0	0	0	2	0	0	0
*	3p	-	4	3816	1035	804	3706	9361	7	8	12	5	2	13	7	13	4	25	0	5	1	1	0	0	3	5	0	1	0
*	3p	-	5	3784	1028	854	3694	9360	7	1	6	4	8	13	2	6	1	29	1	3	2	0	0	0	7	3	0	0	0
*	3p	-	6	3742	981	845	3793	9361	7	3	6	6	5	8	0	4	1	11	0	3	3	4	1	0	2	5	1	1	0
*	3p	-	7	3733	1017	891	3715	9356	5	5	6	10	1	4	0	3	3	9	0	2	1	3	0	0	4	5	2	3	0
*	3p	-	8	3737	1057	910	3657	9361	10	9	7	1	4	3	1	2	3	8	0	2	1	3	0	0	5	1	3	0	0
*	3p	-	9	3695	1087	915	3666	9363	4	3	2	6	2	10	0	3	0	12	0	0	2	1	0	0	2	5	0	0	0
*	3p	-	10	3631	1077	970	3690	9368	7	5	1	4	2	4	0	1	2	6	0	0	1	1	0	0	0	0	0	2	0
*	3p	-	11	3642	1091	963	3665	9361	8	4	2	2	2	9	0	0	0	7	1	1	1	1	0	0	4	4	0	1	0
*	3p	-	12	3611	1132	951	3667	9361	5	1	3	11	1	7	1	1	2	6	0	1	1	1	0	0	3	5	1	0	0
*	3p	-	13	3665	1117	995	3583	9360	6	6	6	5	1	2	0	2	2	4	0	1	2	4	0	1	4	1	4	1	0
*	3p	-	14	3733	1108	1029	3488	9358	1	2	6	5	4	2	1	1	5	1	0	4	2	3	0	0	3	6	2	1	0
*	3p	-	15	3554	1142	1016	3648	9360	2	3	3	3	1	3	0	3	2	2	0	2	2	2	0	0	3	4	2	1	0
*	3p	-	16	3589	1204	1073	3489	9355	5	4	3	3	3	7	0	1	1	5	0	1	0	1	2	0	3	9	1	2	0
*	3p	-	17	3653	1161	1062	3486	9362	3	6	5	2	1	2	0	0	1	5	0	4	1	1	1	0	2	5	1	0	0
*	3p	-	18	3597	1165	983	3617	9362	5	5	14	6	0	9	0	3	0	8	1	0	2	2	0	0	3	4	0	1	0
*	3p	-	19	3668	1162	998	3539	9367	6	3	6	6	3	10	1	0	1	4	0	2	2	2	0	1	1	1	1	0	0
*	3p	-	20	3734	1159	951	3518	9362	5	3	6	3	1	2	0	3	2	5	0	0	4	3	0	0	2	5	0	1	0
*	3p	-	21	3669	1111	957	3627	9364	3	3	7	5	1	11	1	0	1	5	0	0	1	4	0	2	1	4	1	0	0
*	3p	-	22	3598	1159	1004	3603	9364	6	7	4	4	4	12	0	0	2	5	0	5	2	1	1	1	2	2	1	1	0
*	3p	-	23	3761	1132	931	3543	9367	4	6	6	7	3	16	1	1	2	11	0	3	1	5	0	2	1	1	0	0	0
*	3p	-	24	3620	1148	892	3705	9365	3	10	11	11	6	35	0	8	4	25	1	7	5	7	1	0	1	3	1	0	0
*	3p	-	25	3597	1072	1008	3688	9365	9	13	12	13	13	48	1	4	11	49	1	9	4	3	0	1	1	1	2	1	0
*	3p	-	26	3450	1063	943	3504	8960	17	4	16	13	8	47	0	7	15	54	0	9	5	4	0	1	2	2	1	2	0
*	3p	-	27	3307	1063	899	3311	8580	16	9	13	9	8	35	2	9	10	56	3	12	3	8	0	2	3	2	2	0	0
*	3p	-	28	3142	1076	877	3170	8265	19	7	11	15	12	46	2	3	10	55	2	11	3	4	0	0	4	0	1	0	0
*	3p	-	29	3014	1043	835	3086	7978	15	7	10	11	13	39	0	8	7	51	0	8	4	2	1	3	3	2	0	0	0
*	3p	-	30	2925	1055	821	2940	7741	11	9	8	14	6	53	3	5	4	49	1	9	4	4	0	0	4	3	4	1	0
*	3p	-	31	2858	1002	853	2779	7492	9	6	14	12	9	52	2	5	6	33	6	10	7	6	0	1	4	2	1	1	0
*	3p	-	32	2667	961	831	2810	7269	21	9	9	12	8	53	2	3	2	38	2	10	7	4	0	0	1	4	0	1	0
*	3p	-	33	2652	944	728	2725	7049	6	7	8	10	9	38	3	5	3	40	1	9	7	2	0	1	5	1	2	3	0
*	3p	-	34	2573	979	749	2533	6834	7	8	12	6	10	40	2	7	5	36	3	10	4	6	2	3	3	3	5	2	0
*	3p	-	35	2460	916	757	2489	6622	12	10	15	12	7	35	1	4	7	33	0	9	7	6	3	2	7	3	1	2	0
*	3p	-	36	2346	926	730	2435	6437	6	9	8	15	10	38	3	6	7	46	0	8	4	4	3	2	4	3	2	2	0
*	3p	-	37	2310	917	711	2318	6256	10	6	6	12	9	45	1	5	5	46	1	15	9	3	0	4	0	3	0	2	0
*	3p	-	38	2242	903	730	2239	6114	11	8	13	13	9	47	2	8	5	43	3	7	6	4	0	0	0	4	0	1	0
*	3p	-	39	2226	846	650	2198	5920	11	6	13	4	13	41	0	5	8	41	4	8	3	4	2	1	1	1	1	1	0
*	3p	-	40	2096	862	688	2072	5718	10	3	9	9	7	37	1	3	8	33	2	6	5	6	1	3	2	3	2	3	0
*	3p	-	41	2037	884	640	1980	5541	10	3	11	6	2	33	1	7	6	26	0	8	6	7	0	1	2	6	1	2	0
*	3p	-	42	1960	786	673	1962	5381	7	8	9	8	5	31	2	1	7	26	0	5	4	5	0	0	1	4	1	1	0
*	3p	-	43	1891	789	630	1908	5218	3	7	11	10	6	29	1	5	6	29	0	3	2	4	2	1	2	0	2	0	0
*	3p	-	44	1830	803	630	1791	5054	5	4	7	5	3	23	1	2	8	12	2	2	2	4	1	1	1	1	0	1	0
*	3p	-	45	1796	760	626	1737	4919	6	10	8	7	6	21	0	1	5	17	0	4	3	3	1	1	0	3	0	2	0
*	3p	-	46	1714	792	572	1701	4779	7	7	6	6	2	23	3	3	3	7	0	3	3	4	1	0	2	1	0	1	0
*	3p	-	47	1734	710	619	1589	4652	8	3	4	4	6	17	1	2	5	16	0	3	3	2	1	0	1	1	0	3	0
*	3p	-	48	1603	754	555	1615	4527	4	7	6	4	4	20	0	1	5	18	1	4	1	5	0	0	1	1	0	0	0
*	3p	-	49	1543	714	557	1594	4408	4	7	8	5	5	15	0	0	5	8	1	2	0	0	1	0	0	1	1	1	0
*	3p	-	50	1520	711	569	1498	4298	2	4	6	3	5	6	1	3	2	15	0	9	4	0	1	0	0	0	1	0	0
*	3p	-	51	1483	684	552	1481	4200	3	1	6	4	0	12	0	0	2	8	0	3	2	2	0	0	1	0	1	0	0
*	3p	-	52	1364	720	564	1427	4075	5	9	5	3	2	10	1	4	3	10	0	2	1	0	1	0	0	1	0	0	0
*	3p	-	53	1396	707	548	1339	3990	2	6	5	3	2	11	0	2	5	12	0	3	1	1	0	0	1	1	0	0	0
*	3p	-	54	1335	670	554	1349	3908	8	0	3	5	2	7	1	6	3	9	0	3	1	0	0	0	1	2	0	0	0
*	3p	-	55	1286	709	487	1340	3822	3	5	5	2	4	6	0	3	1	9	2	1	1	2	0	1	1	1	0	0	0
*	3p	-	56	1286	628	539	1300	3753	1	1	3	0	1	7	0	0	0	6	1	1	0	1	0	0	0	1	0	0	0
*	3p	-	57	1317	650	504	1203	3674	5	5	3	2	0	7	1	0	2	4	1	1	1	2	0	1	3	0	0	0	0
*	3p	-	58	1252	645	520	1173	3590	2	3	1	3	1	8	0	1	2	9	2	1	0	0	0	2	0	2	0	0	0
*	3p	-	59	1199	638	476	1198	3511	4	4	3	2	4	3	0	2	2	7	1	1	0	3	0	2	1	1	1	0	0
*	3p	-	60	1139	608	481	1213	3441	2	4	1	0	0	6	0	0	0	8	0	3	0	2	0	2	0	0	0	0	0
*	3p	-	61	1184	569	456	1170	3379	2	7	1	1	1	8	0	1	0	2	1	0	2	1	2	1	0	0	0	0	0
*	3p	-	62	1086	595	481	1136	3298	4	5	3	1	0	2	2	0	0	6	1	0	1	3	1	1	0	0	0	0	0
*	3p	-	63	1118	550	443	1124	3235	1	3	3	3	2	4	0	0	0	4	1	0	1	2	0	0	0	0	0	0	0
*	3p	-	64	1097	571	426	1080	3174	2	1	3	4	1	4	0	1	1	7	1	2	0	3	0	0	0	0	0	0	0
*	3p	-	65	1022	551	428	1099	3100	2	2	2	3	2	7	0	1	2	3	1	1	0	0	0	0	1	0	0	0	0
*	3p	-	66	1050	534	411	1039	3034	0	3	5	1	1	5	0	0	2	5	2	0	0	1	0	0	0	0	0	0	0
*	3p	-	67	1005	535	429	1012	2981	1	3	3	1	2	5	0	0	1	2	1	1	1	0	0	0	0	1	0	0	0
*	3p	-	68	963	519	453	999	2934	1	7	3	0	2	5	0	1	2	3	2	1	0	1	0	0	0	0	0	0	0
*	3p	-	69	969	519	413	961	2862	1	5	4	1	3	7	0	1	1	1	0	1	1	1	0	0	1	0	0	0	0
*	3p	-	70	898	524	393	988	2803	0	5	4	1	1	1	0	1	0	6	0	0	1	1	0	1	0	0	0	0	0
*	5p	+	1	3729	908	1106	3604	9347	78	63	84	85	79	412	10	56	52	393	25	77	0	0	0	0	0	0	0	0	15
*	5p	+	2	3666	853	1015	3803	9337	43	54	58	50	54	376	6	22	33	246	23	69	12	10	4	6	2	3	0	5	1
*	5p	+	3	3823	845	993	3594	9255	43	43	42	45	39	183	3	17	34	142	14	31	26	18	6	9	6	11	6	3	0
*	5p	+	4	3767	840	964	3750	9321	27	28	26	20	23	113	1	14	20	70	10	24	30	12	5	6	8	8	6	3	0
*	5p	+	5	3804	825	955	3720	9304	14	24	9	19	14	73	2	9	9	51	7	9	26	12	6	8	13	17	8	5	0
*	5p	+	6	3771	852	975	3701	9299	10	9	13	10	7	46	2	3	4	32	2	8	13	11	1	9	12	19	10	7	0
*	5p	+	7	3788	893	992	3646	9319	10	3	7	9	6	31	1	3	3	30	2	4	15	14	2	1	9	13	2	4	0
*	5p	+	8	3771	908	1008	3633	9320	5	3	8	6	5	22	2	4	2	15	0	3	8	12	1	3	8	11	6	2	0
*	5p	+	9	3757	906	1079	3589	9331	6	8	3	4	6	10	0	3	1	14	1	3	6	4	0	0	4	10	1	1	0
*	5p	+	10	3678	963	1088	3606	9335	1	9	4	7	2	8	0	0	3	13	0	2	5	3	1	1	4	5	1	2	0
*	5p	+	11	3676	978	1080	3602	9336	3	5	3	4	1	5	0	1	0	6	0	0	1	3	2	0	4	3	2	2	0
*	5p	+	12	3618	971	1164	3580	9333	4	2	5	5	2	6	0	3	5	6	2	0	3	0	0	0	2	5	3	4	0
*	5p	+	13	3685	1040	1117	3494	9336	7	7	4	4	4	3	0	3	3	2	0	0	0	0	0	0	4	5	0	2	0
*	5p	+	14	3560	1010	1126	3634	9330	6	2	5	4	3	4	0	2	3	5	0	2	1	1	0	0	6	4	3	4	0
*	5p	+	15	3711	1006	1106	3508	9331	4	3	6	5	3	5	0	0	0	5	2	0	1	0	1	0	4	8	1	3	0
*	5p	+	16	3672	957	1178	3527	9334	8	7	2	5	4	6	0	3	1	8	0	0	0	3	1	0	4	7	1	1	0
*	5p	+	17	3641	982	1142	3571	9336	9	4	4	6	0	3	0	1	1	8	0	0	1	0	0	0	4	5	2	0	0
*	5p	+	18	3620	961	1133	3624	9338	2	4	8	4	4	3	0	0	2	5	0	0	0	0	0	0	5	4	0	0	0
*	5p	+	19	3570	949	1137	3686	9342	2	7	2	9	2	4	0	1	0	5	0	0	0	1	0	0	1	3	0	1	0
*	5p	+	20	3581	1000	1092	3670	9343	9	4	5	4	1	7	2	0	0	2	1	1	0	2	0	1	2	1	1	0	0
*	5p	+	21	3680	989	1122	3552	9343	7	4	5	5	2	4	1	1	2	6	0	0	1	2	0	1	3	0	1	0	0
*	5p	+	22	3693	957	1099	3594	9343	2	4	3	6	1	6	0	0	2	5	1	0	1	3	0	0	3	1	0	0	0
*	5p	+	23	3603	961	1127	3654	9345	6	3	6	6	1	2	0	2	1	6	0	1	3	0	0	0	1	1	0	0	0
*	5p	+	24	3652	972	1151	3571	9346	11	3	6	4	0	3	1	3	0	6	1	1	1	4	0	0	1	0	0	0	0
*	5p	+	25	3616	940	1143	3648	9347	9	0	5	4	1	17	0	1	1	5	0	0	1	0	0	0	0	0	0	0	0
*	5p	+	26	3523	951	1084	3399	8957	9	4	6	3	4	5	2	3	2	11	0	0	1	1	0	0	0	2	1	0	0
*	5p	+	27	3310	899	1112	3270	8591	13	9	1	4	3	4	0	1	3	7	0	0	0	1	0	0	0	0	0	0	0
*	5p	+	28	3164	884	1070	3172	8290	5	6	11	3	2	6	0	0	1	8	0	3	0	0	0	0	1	0	0	0	0
*	5p	+	29	3099	868	1011	3023	8001	3	7	2	5	2	10	1	1	1	4	1	1	1	0	0	0	0	2	0	0	0
*	5p	+	30	2959	855	1058	2873	7745	3	4	7	3	0	6	0	0	3	5	0	1	0	0	0	0	0	1	0	0	0
*	5p	+	31	2796	890	1014	2819	7519	1	3	1	3	0	7	0	1	1	4	1	1	1	1	0	0	1	0	1	0	0
*	5p	+	32	2773	846	996	2680	7295	6	4	2	3	0	2	0	2	3	8	0	1	0	1	0	0	0	0	1	0	0
*	5p	+	33	2662	787	996	2642	7087	3	5	3	5	1	5	0	0	1	3	0	1	0	0	0	0	0	0	0	0	0
*	5p	+	34	2585	831	911	2573	6900	9	5	3	5	1	1	0	1	4	4	0	3	1	0	0	0	0	1	0	0	0
*	5p	+	35	2504	740	925	2520	6689	4	4	5	1	2	6	0	1	2	7	0	1	0	2	0	0	2	0	0	0	0
*	5p	+	36	2452	737	965	2375	6529	2	4	5	6	1	5	0	1	1	5	0	2	0	1	1	0	0	1	0	0	0
*	5p	+	37	2307	772	906	2358	6343	4	3	1	8	1	6	2	1	0	6	0	0	1	1	0	1	0	1	0	0	0
*	5p	+	38	2295	748	861	2304	6208	7	2	5	4	0	5	0	4	1	5	0	2	1	0	0	0	0	1	0	0	0
*	5p	+	39	2239	736	894	2179	6048	3	4	1	4	1	4	0	1	1	4	0	2	1	0	0	0	0	2	0	0	0
*	5p	+	40	2204	720	837	2111	5872	5	3	3	1	1	1	1	3	2	3	0	0	2	0	0	0	0	0	1	0	0
*	5p	+	41	2121	640	852	2089	5702	4	3	2	5	1	1	0	0	0	11	0	1	0	0	0	0	0	0	0	0	0
*	5p	+	42	2051	675	827	1972	5525	4	6	3	4	2	7	0	1	0	2	0	0	0	0	0	0	1	0	0	0	0
*	5p	+	43	1967	667	775	1966	5375	4	0	1	3	0	3	0	3	0	5	0	0	0	1	0	0	0	0	0	0	0
*	5p	+	44	1913	650	807	1840	5210	3	5	2	2	1	2	1	2	2	8	0	2	0	0	0	0	0	0	0	0	0
*	5p	+	45	1863	620	765	1824	5072	3	3	4	2	0	1	0	3	1	5	0	0	0	1	0	0	0	0	0	0	0
*	5p	+	46	1709	643	788	1786	4926	4	3	0	4	0	2	1	0	0	5	0	0	1	0	0	0	0	0	0	0	0
*	5p	+	47	1716	582	773	1731	4802	5	4	1	4	0	1	0	0	0	2	0	0	1	0	0	0	0	0	0	0	0
*	5p	+	48	1654	590	782	1626	4652	5	4	2	4	0	0	0	0	1	1	0	0	2	0	0	0	0	0	0	0	0
*	5p	+	49	1630	567	755	1583	4535	8	1	2	2	0	2	0	0	1	1	0	0	0	1	0	0	0	0	0	0	0
*	5p	+	50	1578	541	727	1574	4420	9	3	0	2	1	0	0	1	0	1	0	0	0	1	1	0	1	0	0	0	0
*	5p	+	51	1574	547	736	1473	4330	3	0	3	3	0	1	0	0	0	1	0	1	0	0	0	0	1	0	0	0	0
*	5p	+	52	1457	588	705	1482	4232	2	1	2	4	0	3	0	0	1	3	0	0	0	0	0	0	1	0	0	0	0
*	5p	+	53	1450	557	663	1458	4128	1	6	1	0	0	2	0	0	0	4	0	0	0	0	0	0	1	0	0	0	0
*	5p	+	54	1376	520	720	1427	4043	3	2	0	1	1	2	0	1	0	3	0	0	1	1	0	0	1	0	0	0	0
*	5p	+	55	1424	542	677	1310	3953	2	1	3	4	2	0	0	0	0	3	0	0	0	0	0	0	1	0	0	0	0
*	5p	+	56	1366	508	675	1326	3875	1	3	1	0	0	2	0	0	0	1	0	1	1	0	0	0	0	0	0	0	0
*	5p	+	57	1303	519	694	1277	3793	3	3	0	2	1	3	0	0	0	1	0	0	0	0	0	0	0	0	0	0	0
*	5p	+	58	1292	513	626	1287	3718	1	1	1	4	1	1	0	0	0	5	0	0	0	0	0	0	0	0	0	0	0
*	5p	+	59	1295	491	626	1221	3633	3	1	3	0	1	1	0	0	0	0	0	0	0	0	0	0	0	0	0	0	0
*	5p	+	60	1249	497	621	1201	3568	1	5	1	2	0	2	0	0	0	1	0	0	0	0	0	0	0	0	0	0	0
*	5p	+	61	1176	483	624	1198	3481	6	0	0	2	1	0	0	0	0	2	0	0	0	1	0	0	0	1	0	0	0
*	5p	+	62	1125	482	619	1182	3408	5	0	3	3	0	0	0	1	0	1	0	0	0	2	0	1	1	1	0	0	0
*	5p	+	63	1177	466	609	1097	3349	1	0	1	1	1	1	0	2	1	1	0	2	0	0	0	0	0	0	0	0	0
*	5p	+	64	1108	457	629	1083	3277	3	0	2	3	0	0	1	0	0	0	0	2	1	0	0	0	1	0	0	0	0
*	5p	+	65	1069	440	602	1094	3205	3	2	3	1	1	0	0	0	0	1	0	2	0	1	0	0	0	0	0	0	0
*	5p	+	66	1072	439	574	1048	3133	7	3	1	0	4	2	0	1	1	0	0	0	0	0	0	0	0	0	0	0	0
*	5p	+	67	1043	451	534	1034	3062	1	1	1	1	2	0	0	1	1	0	0	1	0	0	0	0	0	0	0	0	0
*	5p	+	68	1002	425	540	1026	2993	1	1	1	3	3	2	0	0	0	3	1	0	0	1	0	0	0	0	0	0	0
*	5p	+	69	1007	387	551	982	2927	3	0	0	4	1	4	0	0	0	1	0	0	0	1	0	0	0	0	0	0	0
*	5p	+	70	979	411	533	938	2861	3	3	1	4	1	2	0	1	0	3	0	0	0	1	0	0	0	0	0	0	0
*	5p	-	1	3697	1059	897	3717	9370	76	71	88	91	90	382	18	63	65	419	19	72	0	0	0	0	0	0	0	0	20
*	5p	-	2	3597	984	877	3908	9366	50	54	82	62	60	324	4	35	57	259	16	73	6	5	2	3	1	0	0	2	9
*	5p	-	3	3722	955	855	3761	9293	27	33	36	41	43	199	8	20	43	172	6	45	8	8	3	3	2	0	4	0	1
*	5p	-	4	3770	952	842	3779	9343	20	27	23	26	26	106	5	11	17	97	5	19	9	16	5	8	11	5	4	7	0
*	5p	-	5	3720	993	787	3827	9327	12	17	15	15	9	66	3	9	9	55	3	8	21	20	7	8	10	15	9	9	0
*	5p	-	6	3803	992	809	3725	9329	6	10	7	5	9	32	1	4	8	33	1	14	27	18	2	5	10	18	7	6	0
*	5p	-	7	3747	1058	851	3684	9340	3	6	6	7	4	18	2	1	3	19	0	2	24	16	1	7	13	6	5	6	0
*	5p	-	8	3769	1067	857	3655	9348	11	8	8	5	0	20	1	5	2	20	3	1	13	9	3	3	8	7	4	3	0
*	5p	-	9	3692	1130	894	3636	9352	5	10	11	5	1	14	2	4	3	15	1	4	11	9	3	1	6	7	2	3	0
*	5p	-	10	3682	1158	893	3613	9346	10	5	6	5	1	4	0	1	2	9	0	0	6	8	0	4	7	12	2	2	0
*	5p	-	11	3635	1172	904	3641	9352	3	8	4	4	1	5	0	1	2	4	0	1	3	8	1	2	4	12	1	1	0
*	5p	-	12	3667	1129	919	3637	9352	10	5	4	5	2	2	1	2	2	5	0	1	2	4	0	1	3	11	2	2	0
*	5p	-	13	3605	1169	975	3614	9363	2	11	4	3	0	3	0	3	2	3	0	0	1	4	0	0	4	2	0	1	0
*	5p	-	14	3603	1161	995	3598	9357	5	4	6	9	2	4	0	0	1	6	0	0	0	2	0	1	3	5	5	0	0
*	5p	-	15	3621	1153	987	3597	9358	4	10	8	3	2	5	0	0	3	8	0	0	3	1	1	0	5	6	1	0	0
*	5p	-	16	3608	1147	984	3622	9361	5	3	1	3	1	4	0	0	1	6	0	1	2	0	0	0	5	1	0	3	0
*	5p	-	17	3558	1152	989	3667	9366	7	5	3	5	2	9	0	2	0	4	0	0	1	0	0	0	1	3	0	0	0
*	5p	-	18	3579	1116	1015	3653	9363	6	9	4	3	1	6	0	0	0	13	0	0	5	2	0	0	1	2	4	0	0
*	5p	-	19	3547	1194	1004	3617	9362	7	5	7	5	1	6	0	1	1	6	0	1	0	2	0	0	3	3	0	2	0
*	5p	-	20	3595	1133	936	3699	9363	8	8	4	2	1	3	0	0	1	1	0	1	2	2	0	0	0	5	2	0	0
*	5p	-	21	3625	1136	973	3633	9367	4	9	5	4	3	4	0	0	3	3	0	3	2	1	1	0	1	2	0	0	0
*	5p	-	22	3637	1157	959	3614	9367	5	4	5	3	3	9	1	4	0	4	1	4	2	3	0	0	1	2	0	0	0
*	5p	-	23	3636	1149	918	3665	9368	5	3	4	3	3	7	3	2	0	6	0	3	1	4	0	0	0	2	0	0	0
*	5p	-	24	3701	1078	968	3620	9367	7	3	4	7	1	7	1	1	1	13	1	3	0	4	0	0	1	2	0	0	0
*	5p	-	25	3659	1151	956	3600	9366	8	4	6	6	1	8	0	2	1	14	0	1	0	0	0	0	0	3	1	0	0
*	5p	-	26	3495	1084	889	3499	8967	6	2	3	4	2	6	0	2	1	8	0	0	1	2	0	0	1	1	0	0	0
*	5p	-	27	3303	1066	910	3308	8587	3	6	6	4	0	5	2	3	2	12	0	1	2	1	0	0	1	0	0	0	0
*	5p	-	28	3142	1091	877	3163	8273	1	2	6	12	1	6	3	2	1	5	1	1	0	1	0	0	0	0	0	0	0
*	5p	-	29	3050	1016	844	3073	7983	6	6	2	6	0	4	1	0	0	7	0	0	1	1	0	0	0	1	0	0	0
*	5p	-	30	2927	1007	839	2978	7751	2	3	7	6	0	6	0	0	1	3	1	0	1	1	0	0	1	1	0	0	0
*	5p	-	31	2798	989	838	2872	7497	5	0	5	4	0	7	1	0	1	7	0	3	0	2	0	0	1	2	0	0	0
*	5p	-	32	2805	958	790	2723	7276	8	3	2	4	2	7	0	2	2	5	0	0	0	1	0	0	0	1	0	0	0
*	5p	-	33	2703	964	781	2613	7061	4	2	4	3	1	2	1	2	2	3	0	1	1	0	0	0	0	0	0	0	0
*	5p	-	34	2599	898	812	2537	6846	7	4	2	4	0	4	0	1	1	5	0	0	1	2	0	0	0	0	0	1	0
*	5p	-	35	2443	885	782	2523	6633	2	3	3	2	0	1	0	0	0	8	0	0	2	2	0	0	1	1	0	0	0
*	5p	-	36	2473	925	716	2336	6450	2	4	6	5	2	1	0	1	1	3	0	0	1	3	0	0	0	0	0	0	0
*	5p	-	37	2358	890	734	2278	6260	5	1	4	3	1	5	0	1	1	5	0	1	0	1	1	0	0	0	0	0	0
*	5p	-	38	2334	903	689	2193	6119	3	2	5	7	0	5	1	1	4	7	0	0	1	1	0	0	0	0	0	0	0
*	5p	-	39	2180	863	706	2176	5925	6	0	1	3	1	4	0	2	0	6	0	2	0	0	0	0	0	0	0	0	0
*	5p	-	40	2047	900	730	2053	5730	3	2	3	3	0	4	0	2	2	4	0	0	0	0	0	0	0	0	0	0	0
*	5p	-	41	2022	870	663	1994	5549	6	2	4	4	1	1	0	1	1	7	0	0	0	1	0	0	3	1	0	0	0
*	5p	-	42	2011	814	673	1891	5389	4	1	2	1	1	3	2	1	1	4	0	1	0	1	1	0	1	0	1	0	0
*	5p	-	43	1856	825	652	1890	5223	4	5	1	3	0	2	0	1	0	0	0	1	0	0	0	0	0	0	0	0	0
*	5p	-	44	1795	806	622	1835	5058	5	0	1	3	0	5	2	0	1	6	0	1	0	0	0	0	0	0	0	0	0
*	5p	-	45	1736	761	632	1796	4925	3	3	2	1	1	8	0	0	1	3	0	0	0	1	0	0	0	1	0	0	0
*	5p	-	46	1726	788	606	1662	4782	3	2	2	4	1	0	0	1	1	6	0	0	0	0	0	0	0	0	1	0	0
*	5p	-	47	1690	722	589	1656	4657	3	1	2	1	0	3	1	2	0	3	0	0	1	0	0	0	1	0	0	1	0
*	5p	-	48	1614	685	643	1589	4531	5	3	2	1	0	3	0	3	1	2	0	1	0	0	0	0	0	0	0	0	0
*	5p	-	49	1590	732	576	1511	4409	3	4	1	3	1	2	0	0	0	1	0	0	0	0	0	0	1	1	0	0	0
*	5p	-	50	1564	691	562	1483	4300	2	8	1	5	2	0	1	1	0	1	0	1	0	0	0	0	0	0	0	0	0
*	5p	-	51	1509	691	561	1441	4202	6	1	3	1	0	1	0	0	0	3	0	0	0	1	0	0	0	0	0	0	0
*	5p	-	52	1443	702	536	1394	4075	4	2	4	2	2	1	0	0	0	2	0	0	0	1	0	0	2	0	0	0	0
*	5p	-	53	1384	691	528	1390	3993	4	3	0	1	0	0	0	0	0	3	0	1	0	0	0	0	0	0	0	0	0
*	5p	-	54	1348	667	538	1359	3912	3	4	1	3	0	2	0	0	0	1	0	1	0	0	0	0	0	1	0	0	0
*	5p	-	55	1320	637	543	1324	3824	4	0	2	1	1	0	0	2	2	2	0	0	0	0	0	0	0	1	0	0	0
*	5p	-	56	1287	627	468	1373	3755	2	0	1	0	2	0	1	0	0	2	0	1	0	1	0	0	0	0	0	0	0
*	5p	-	57	1246	607	563	1262	3678	1	2	1	2	0	0	0	0	1	3	0	1	0	1	0	0	0	0	0	0	0
*	5p	-	58	1202	609	524	1257	3592	5	1	1	2	0	0	0	1	0	1	0	3	0	0	0	0	1	0	0	0	0
*	5p	-	59	1229	611	469	1204	3513	1	1	3	3	1	0	0	0	0	3	0	1	0	2	0	0	1	0	0	0	0
*	5p	-	60	1169	601	489	1183	3442	4	1	5	1	0	1	1	0	0	0	0	0	0	0	0	0	0	0	0	0	0
*	5p	-	61	1169	597	463	1150	3379	7	2	1	2	0	1	0	0	0	1	0	2	0	0	0	0	0	0	0	0	0
*	5p	-	62	1172	560	449	1118	3299	0	0	1	1	0	1	0	1	0	1	0	0	0	1	0	0	0	0	0	0	0
*	5p	-	63	1109	586	460	1078	3233	5	0	4	1	1	1	0	1	0	1	0	1	0	1	0	0	2	0	0	0	0
*	5p	-	64	1100	557	446	1069	3172	2	1	2	2	1	2	0	0	0	0	0	0	0	2	0	0	1	1	0	0	0
*	5p	-	65	1044	568	427	1062	3101	5	3	3	1	0	0	0	0	0	2	0	0	3	0	0	0	0	0	0	0	0
*	5p	-	66	1022	542	434	1039	3037	1	1	2	0	1	1	0	0	0	1	0	0	0	1	0	0	0	0	0	0	0
*	5p	-	67	990	557	399	1036	2982	1	2	2	2	2	1	0	0	0	0	0	1	0	0	0	0	0	0	0	0	0
*	5p	-	68	1025	509	428	972	2934	1	0	2	0	1	2	0	0	0	1	0	0	0	0	0	0	0	0	0	0	0
*	5p	-	69	1030	516	405	913	2864	2	2	2	0	1	0	0	0	1	1	0	1	0	0	0	0	0	0	0	0	0
*	5p	-	70	921	514	418	950	2803	5	1	2	2	0	1	0	0	3	0	0	1	0	0	0	0	0	0	0	0	0
