# table produced by mapDamage version 2.0.1-10-g0a7fa27-dirty
# using mapped file - and 000_prefixes/Pi_mito.fasta as reference file
# Chr: reference from sam/bam header, End: from which termini of DNA sequences, Std: strand of reads
Chr	End	Std	Pos	A	C	G	T	Total	G>A	C>T	A>G	T>C	A>C	A>T	C>G	C>A	T>G	T>A	G>C	G>T	A>-	T>-	C>-	G>-	->A	->T	->C	->G	S
*	3p	+	1	1681	1507	1916	3776	8880	31	68	18	68	41	231	12	25	24	138	22	36	0	0	0	0	0	0	0	0	0
*	3p	+	2	2882	1465	1554	2979	8880	61	38	26	50	18	110	4	67	24	235	4	26	0	0	0	0	0	0	0	0	0
*	3p	+	3	2995	1264	1593	3026	8878	45	36	21	37	16	90	3	60	18	167	3	21	0	0	4	0	2	0	0	0	0
*	3p	+	4	2973	1215	1617	3070	8875	25	23	15	41	18	54	6	28	17	186	3	23	0	2	0	1	2	1	0	2	0
*	3p	+	5	3012	1248	1595	3020	8875	18	27	11	36	8	44	5	27	17	104	2	10	0	1	0	0	1	2	1	1	0
*	3p	+	6	3139	1263	1566	2895	8863	11	9	8	24	5	22	9	9	12	79	4	15	0	0	0	0	11	6	0	0	0
*	3p	+	7	2944	1375	1637	2901	8857	13	8	5	27	3	18	2	9	10	53	0	5	0	3	1	2	14	4	3	2	0
*	3p	+	8	3200	1193	1706	2756	8855	16	4	9	22	4	19	0	7	10	25	1	6	1	1	0	4	18	6	0	1	0
*	3p	+	9	3179	1253	1703	2728	8863	7	4	2	22	5	9	3	4	5	18	1	1	2	3	1	1	13	2	0	2	0
*	3p	+	10	2936	1415	1649	2868	8868	4	3	2	23	0	5	0	1	7	16	0	3	3	0	5	1	6	3	1	1	0
*	3p	+	11	2826	1209	1891	2943	8869	4	4	6	25	2	3	1	2	1	9	1	1	2	2	7	0	6	3	2	0	0
*	3p	+	12	3011	1264	1742	2860	8877	7	3	6	21	2	3	1	1	8	11	1	0	6	0	0	0	2	0	1	0	0
*	3p	+	13	2901	1287	1799	2888	8875	10	1	7	20	0	3	0	1	3	1	2	4	1	1	1	0	2	2	0	0	0
*	3p	+	14	2910	1231	1898	2838	8877	2	4	3	19	2	2	0	2	0	5	0	1	0	2	1	0	1	0	0	0	0
*	3p	+	15	2976	1310	1732	2770	8788	7	1	1	7	2	0	1	0	0	1	0	4	0	0	0	0	1	3	0	0	0
*	3p	+	16	3026	1300	1716	2834	8876	2	1	3	17	1	0	0	0	1	6	1	3	0	0	0	0	2	1	0	0	0
*	3p	+	17	2963	1341	1809	2765	8878	6	1	6	19	1	3	2	0	3	1	1	0	0	0	0	0	1	1	0	0	0
*	3p	+	18	2905	1301	1751	2922	8879	4	0	4	25	4	1	2	2	3	1	1	1	0	0	0	0	0	0	0	0	0
*	3p	+	19	3001	1351	1747	2780	8879	8	9	3	17	0	2	0	1	0	0	0	0	0	0	0	0	1	0	0	0	0
*	3p	+	20	2952	1352	1763	2813	8880	4	2	0	13	1	0	1	0	1	1	2	2	1	0	0	0	0	0	0	0	0
*	3p	+	21	2889	1379	1672	2938	8878	7	3	11	22	4	1	0	2	1	3	0	0	1	0	0	0	0	1	0	0	0
*	3p	+	22	2802	1429	1816	2827	8874	5	0	4	12	2	1	1	0	2	3	1	1	0	1	0	0	0	0	0	0	0
*	3p	+	23	2981	1335	1771	2793	8880	4	1	5	12	3	1	1	2	1	4	0	0	2	1	0	0	0	0	0	0	0
*	3p	+	24	2862	1273	1728	3015	8878	2	5	4	24	0	2	0	0	0	0	0	3	1	0	1	0	0	1	0	0	0
*	3p	+	25	2851	1303	1779	2940	8873	4	2	5	36	3	1	0	2	2	2	1	1	0	0	0	0	0	1	0	0	0
*	3p	+	26	2791	1393	1822	2857	8863	5	0	3	12	3	1	0	0	1	0	0	5	0	2	0	0	1	0	0	0	0
*	3p	+	27	2969	1398	1659	2831	8857	4	1	6	12	2	3	1	2	3	2	0	0	0	0	0	0	0	0	0	0	0
*	3p	+	28	2842	1429	1879	2700	8850	7	1	3	11	3	2	0	1	6	1	0	2	0	0	0	0	0	0	0	0	0
*	3p	+	29	2930	1336	1774	2803	8843	5	5	4	15	2	1	0	1	3	1	0	1	1	1	0	0	0	0	0	0	0
*	3p	+	30	2964	1339	1721	2813	8837	3	2	2	22	1	3	1	3	1	4	0	3	0	0	0	0	0	0	0	0	0
*	3p	+	31	2840	1374	1829	2790	8833	5	1	1	13	3	1	0	5	3	2	1	2	0	0	0	0	0	0	0	0	0
*	3p	+	32	2811	1390	1793	2831	8825	1	0	3	14	1	2	0	0	1	4	0	3	0	0	0	0	0	0	0	0	0
*	3p	+	33	2946	1334	1733	2807	8820	8	1	1	13	3	2	1	2	0	0	0	1	0	1	0	0	0	0	0	0	0
*	3p	+	34	2946	1331	1725	2813	8815	1	1	4	12	1	0	0	1	2	1	0	1	2	0	0	0	0	0	0	0	0
*	3p	+	35	2949	1259	1783	2811	8802	0	6	4	17	1	1	1	5	2	2	0	3	0	1	0	0	0	0	0	0	0
*	3p	+	36	2874	1320	1797	2800	8791	2	6	3	18	1	1	0	0	3	0	1	2	0	0	0	0	2	0	0	0	0
*	3p	+	37	2722	1493	1741	2821	8777	10	0	2	10	0	1	1	1	2	1	0	1	0	1	0	0	3	0	0	0	0
*	3p	+	38	2947	1355	1704	2752	8758	6	3	8	16	1	1	0	0	1	3	1	1	0	0	0	0	0	1	0	0	0
*	3p	+	39	2888	1344	1683	2825	8740	4	1	7	17	3	2	0	4	1	4	0	1	0	0	0	0	0	0	0	0	0
*	3p	+	40	2761	1402	1719	2844	8726	3	2	3	16	6	1	0	3	0	3	1	2	0	0	0	0	0	0	0	0	0
*	3p	+	41	2788	1311	1853	2749	8701	2	5	0	7	4	2	2	4	2	0	1	3	0	0	0	0	0	0	0	0	0
*	3p	+	42	2828	1386	1662	2792	8668	2	4	5	16	1	0	0	2	0	0	0	3	0	2	0	0	0	0	0	0	0
*	3p	+	43	2862	1391	1759	2618	8630	2	3	2	11	1	1	0	1	1	0	1	1	0	1	0	0	0	0	0	0	0
*	3p	+	44	2857	1313	1796	2626	8592	13	3	6	12	1	0	1	2	1	2	0	4	0	1	0	0	0	0	0	0	0
*	3p	+	45	2857	1343	1659	2699	8558	8	8	8	18	0	4	2	0	1	1	0	2	0	0	0	0	0	0	0	0	0
*	3p	+	46	2692	1404	1750	2677	8523	0	4	4	7	3	2	0	11	3	1	0	3	0	0	0	0	0	0	0	0	0
*	3p	+	47	2758	1251	1733	2732	8474	10	2	5	8	0	0	0	7	1	1	1	3	2	0	0	0	0	0	0	0	0
*	3p	+	48	2756	1300	1611	2770	8437	0	3	5	15	0	0	0	1	1	0	0	3	0	0	0	0	0	0	0	0	0
*	3p	+	49	2664	1422	1660	2624	8370	0	2	1	15	3	1	0	10	4	2	0	1	0	0	0	0	0	0	0	0	0
*	3p	+	50	2642	1319	1738	2618	8317	6	1	4	10	1	2	1	0	0	0	0	1	0	0	0	0	0	0	0	0	0
*	3p	+	51	2665	1297	1624	2673	8259	4	2	1	11	3	0	1	0	1	2	1	4	0	1	0	0	0	0	0	0	0
*	3p	+	52	2619	1264	1723	2579	8185	4	2	4	12	1	1	1	1	0	1	1	4	0	0	0	0	0	0	0	0	0
*	3p	+	53	2567	1281	1718	2555	8121	1	4	0	11	0	1	0	2	1	1	0	2	1	2	0	0	1	0	0	0	0
*	3p	+	54	2657	1209	1530	2651	8047	2	2	4	7	1	2	0	0	1	1	1	3	0	0	0	0	1	0	0	0	0
*	3p	+	55	2601	1216	1654	2492	7963	1	3	3	10	1	0	0	0	0	0	0	3	0	1	0	0	0	0	0	0	0
*	3p	+	56	2629	1249	1512	2486	7876	3	0	5	9	0	1	1	0	1	1	1	1	0	0	0	0	1	0	0	0	0
*	3p	+	57	2483	1186	1519	2599	7787	1	1	4	7	2	5	0	0	0	1	2	0	0	2	0	0	0	0	0	0	0
*	3p	+	58	2524	1268	1460	2444	7696	2	4	6	6	0	0	2	3	2	1	0	0	0	0	0	0	0	0	0	0	0
*	3p	+	59	2580	1041	1512	2464	7597	0	2	2	6	1	0	0	1	0	3	0	1	0	0	0	0	0	0	0	0	0
*	3p	+	60	2546	1114	1403	2445	7508	1	1	4	3	0	1	0	2	0	1	1	1	1	0	0	0	0	0	0	0	0
*	3p	+	61	2507	1093	1437	2353	7390	1	5	5	6	0	0	0	0	1	5	0	4	0	0	0	0	0	0	0	0	0
*	3p	+	62	2426	1070	1450	2332	7278	0	10	4	7	0	1	0	1	2	2	0	0	0	0	0	0	0	0	0	0	0
*	3p	+	63	2483	1060	1272	2372	7187	2	1	4	6	0	1	0	0	2	1	0	2	0	0	0	0	0	0	0	0	0
*	3p	+	64	2230	1186	1317	2363	7096	0	2	4	9	0	0	0	0	2	0	2	3	0	0	0	0	0	0	0	0	0
*	3p	+	65	2306	1080	1341	2256	6983	2	2	2	11	0	0	0	0	1	2	0	2	0	1	0	0	0	0	0	0	0
*	3p	+	66	2231	1045	1334	2268	6878	1	1	3	5	0	2	0	0	2	0	0	4	0	0	0	0	0	0	0	0	0
*	3p	+	67	2181	1075	1347	2159	6762	1	1	3	7	0	2	0	0	0	1	1	2	0	0	0	0	0	0	0	0	0
*	3p	+	68	2244	1029	1324	2035	6632	1	3	2	3	0	0	0	1	0	1	0	2	0	0	0	0	0	0	0	0	0
*	3p	+	69	2179	970	1256	2123	6528	2	0	5	0	1	0	1	0	2	0	0	1	0	0	0	0	0	0	0	0	0
*	3p	+	70	2169	1051	1216	2000	6436	0	4	0	5	1	1	0	0	1	0	1	0	0	0	0	0	0	0	0	0	0
*	3p	-	1	1866	1863	1443	3783	8955	34	47	30	77	51	265	8	22	22	139	10	53	0	0	0	0	0	0	0	0	1
*	3p	-	2	3078	1730	1041	3103	8952	47	20	18	53	27	124	12	49	37	245	6	28	0	0	0	1	1	1	0	1	0
*	3p	-	3	2994	1421	1313	3219	8947	38	13	28	58	13	97	13	39	21	172	1	32	0	4	0	0	1	4	1	2	0
*	3p	-	4	2865	1534	1397	3141	8937	21	14	21	33	12	53	4	21	25	183	2	17	0	2	0	2	8	8	0	2	0
*	3p	-	5	2915	1601	1364	3061	8941	18	15	20	24	9	41	3	20	13	96	2	14	0	5	2	0	7	1	4	2	0
*	3p	-	6	3029	1527	1290	3087	8933	12	12	12	23	2	25	6	21	15	72	1	14	1	3	2	2	12	6	3	1	0
*	3p	-	7	2913	1652	1258	3105	8928	12	10	7	15	4	13	3	6	9	54	1	4	1	11	2	0	14	3	6	3	0
*	3p	-	8	3189	1507	1450	2782	8928	7	13	9	18	3	11	3	6	3	26	1	3	1	5	3	0	12	8	3	4	0
*	3p	-	9	3161	1583	1403	2791	8938	12	5	4	22	9	3	0	3	2	25	3	4	0	5	0	1	6	6	1	4	0
*	3p	-	10	2960	1702	1397	2886	8945	5	1	17	19	5	1	1	3	3	8	2	7	1	6	0	5	5	3	1	0	0
*	3p	-	11	3060	1644	1301	2941	8946	5	1	5	13	4	2	2	0	4	16	1	2	1	2	0	4	2	0	2	4	0
*	3p	-	12	2931	1562	1356	3100	8949	9	3	8	13	5	4	1	0	1	10	3	2	0	3	0	0	3	0	2	0	0
*	3p	-	13	2902	1736	1472	2836	8946	5	0	8	15	4	3	0	2	0	2	2	1	3	2	0	0	3	1	0	2	0
*	3p	-	14	2973	1658	1480	2841	8952	6	5	9	23	7	3	0	2	3	1	2	5	0	1	0	1	1	2	0	0	0
*	3p	-	15	2904	1642	1402	2909	8857	7	1	5	19	7	1	0	0	3	3	1	9	1	1	0	0	0	0	0	0	0
*	3p	-	16	2951	1651	1377	2975	8954	4	5	16	17	3	1	1	1	1	1	1	5	0	2	0	0	0	0	0	0	0
*	3p	-	17	2964	1612	1418	2961	8955	2	12	9	26	4	3	0	3	1	1	0	12	0	1	1	0	0	0	0	0	0
*	3p	-	18	2998	1708	1337	2911	8954	1	4	6	16	0	0	0	1	0	5	0	3	1	0	0	1	1	0	0	0	0
*	3p	-	19	2953	1798	1411	2791	8953	4	9	5	12	7	1	0	1	3	0	0	13	0	1	0	0	1	1	0	0	0
*	3p	-	20	3050	1643	1431	2829	8953	2	2	4	19	2	2	0	0	2	0	0	14	1	0	0	1	0	1	0	0	0
*	3p	-	21	2924	1595	1428	3002	8949	6	12	9	23	2	5	3	1	1	1	1	0	0	1	0	0	0	4	0	0	0
*	3p	-	22	2819	1765	1486	2879	8949	2	16	13	20	2	2	0	3	7	1	0	3	0	0	0	0	1	2	0	0	0
*	3p	-	23	2852	1718	1450	2934	8954	6	2	1	14	3	3	2	1	0	3	0	1	0	1	0	0	0	0	0	0	0
*	3p	-	24	2993	1688	1336	2936	8953	3	4	1	8	1	1	0	1	0	4	1	0	0	0	0	0	0	0	0	0	0
*	3p	-	25	2829	1716	1506	2899	8950	6	3	10	9	2	1	1	2	4	3	1	4	0	0	0	0	0	2	0	0	0
*	3p	-	26	2893	1785	1423	2838	8939	6	2	3	11	2	1	1	0	1	3	0	3	0	0	0	0	0	3	0	0	0
*	3p	-	27	2915	1637	1351	3027	8930	2	3	6	14	0	2	0	0	1	2	1	5	0	0	0	0	0	0	0	0	0
*	3p	-	28	2801	1724	1475	2919	8919	5	0	5	18	1	0	0	0	2	2	0	1	0	0	0	0	0	0	0	0	0
*	3p	-	29	2988	1692	1441	2793	8914	2	7	6	17	1	2	1	0	10	0	1	3	0	0	0	0	0	0	0	0	0
*	3p	-	30	2967	1697	1411	2826	8901	4	0	3	12	0	0	0	0	2	5	0	0	0	0	0	0	0	0	0	0	0
*	3p	-	31	2907	1786	1446	2762	8901	6	4	4	7	2	2	0	0	1	6	0	2	0	1	0	0	0	2	0	0	0
*	3p	-	32	2784	1738	1347	3023	8892	1	1	9	14	2	1	1	0	1	3	2	1	0	0	0	0	0	2	0	0	0
*	3p	-	33	2806	1808	1287	2987	8888	1	0	3	12	3	3	1	0	1	2	3	1	0	0	0	0	0	0	0	0	0
*	3p	-	34	2853	1743	1339	2948	8883	1	1	6	8	2	1	0	1	3	0	0	0	0	0	0	0	0	0	0	0	0
*	3p	-	35	2857	1742	1342	2933	8874	1	2	6	19	2	0	0	1	0	1	0	0	1	2	0	0	0	0	0	0	0
*	3p	-	36	2849	1785	1285	2947	8866	0	2	3	20	2	2	1	0	0	3	1	0	0	0	0	0	0	0	0	0	0
*	3p	-	37	2805	1811	1389	2848	8853	5	0	10	8	1	0	0	1	1	0	0	3	0	3	0	0	0	0	0	0	0
*	3p	-	38	2878	1644	1411	2905	8838	4	3	10	11	1	0	0	0	0	3	2	0	0	0	0	0	0	0	0	0	0
*	3p	-	39	2814	1720	1320	2958	8812	1	0	7	15	2	2	0	0	4	2	0	1	0	0	0	0	0	0	0	0	0
*	3p	-	40	2701	1887	1307	2889	8784	4	1	5	9	3	2	1	0	1	3	0	0	0	0	0	0	0	0	0	0	0
*	3p	-	41	2844	1725	1318	2874	8761	3	1	7	9	2	2	0	0	0	0	1	2	1	0	0	0	0	0	0	0	0
*	3p	-	42	2847	1577	1313	3001	8738	4	2	7	10	0	3	2	0	0	4	0	2	0	0	0	0	0	0	0	0	0
*	3p	-	43	2815	1651	1421	2826	8713	0	3	5	16	2	3	2	1	2	0	0	0	0	0	0	0	0	0	0	0	0
*	3p	-	44	2797	1710	1355	2822	8684	3	2	5	9	2	3	0	0	1	1	1	0	0	0	0	0	0	0	0	0	0
*	3p	-	45	2877	1565	1315	2884	8641	3	1	3	13	2	6	1	1	0	2	1	3	0	0	0	0	0	0	0	0	0
*	3p	-	46	2759	1694	1347	2798	8598	0	1	5	8	0	5	0	0	1	2	0	1	0	0	0	0	0	0	0	0	0
*	3p	-	47	2821	1745	1325	2652	8543	6	1	1	5	0	1	0	1	2	1	0	1	0	0	0	0	0	0	0	0	0
*	3p	-	48	2723	1767	1189	2811	8490	2	1	5	16	0	0	0	0	1	3	1	1	0	0	0	0	0	0	0	0	0
*	3p	-	49	2640	1707	1342	2738	8427	2	0	5	14	1	0	0	0	0	1	0	2	0	0	0	0	0	0	0	0	0
*	3p	-	50	2779	1682	1258	2649	8368	3	3	1	6	1	1	0	0	0	1	1	2	1	0	0	0	0	0	0	0	0
*	3p	-	51	2699	1722	1280	2592	8293	3	6	0	16	1	0	0	0	2	0	0	1	1	0	0	0	0	0	0	0	0
*	3p	-	52	2676	1554	1356	2623	8209	0	0	7	9	1	1	0	2	1	0	1	2	0	0	0	0	0	0	0	0	0
*	3p	-	53	2659	1522	1268	2691	8140	1	4	5	7	2	1	0	1	1	3	0	1	0	0	0	0	0	0	0	0	0
*	3p	-	54	2597	1718	1165	2580	8060	2	1	4	10	1	2	0	0	1	3	0	0	0	0	0	0	0	0	0	0	0
*	3p	-	55	2466	1639	1227	2633	7965	4	3	6	8	0	1	0	0	0	0	0	0	0	0	0	0	0	0	0	0	0
*	3p	-	56	2505	1572	1195	2607	7879	4	2	9	9	1	1	0	0	0	0	0	2	1	0	0	1	0	0	0	0	0
*	3p	-	57	2498	1499	1179	2608	7784	1	2	6	7	3	0	0	0	1	1	0	0	0	0	0	1	0	0	0	0	0
*	3p	-	58	2455	1537	1254	2442	7688	2	1	1	9	1	1	0	0	0	0	0	2	0	0	0	0	0	1	0	0	0
*	3p	-	59	2501	1438	1102	2543	7584	2	1	1	3	2	1	0	1	0	2	0	0	0	1	0	0	0	1	0	0	0
*	3p	-	60	2490	1426	1079	2496	7491	2	3	3	4	1	3	0	1	0	0	0	1	0	0	0	0	1	0	0	0	0
*	3p	-	61	2333	1399	1119	2528	7379	0	4	1	4	1	0	1	0	2	0	1	3	0	0	0	0	0	0	0	0	0
*	3p	-	62	2344	1394	1148	2389	7275	1	1	2	8	1	0	1	2	0	0	1	0	0	0	0	0	0	0	0	0	0
*	3p	-	63	2370	1280	1150	2377	7177	0	0	1	5	0	0	0	0	0	0	0	3	0	0	0	0	0	0	0	0	0
*	3p	-	64	2349	1332	1083	2299	7063	0	4	6	3	2	0	2	0	0	0	1	1	0	0	0	0	0	0	0	0	0
*	3p	-	65	2315	1298	1061	2276	6950	3	0	2	3	1	2	0	1	0	3	0	0	0	0	0	0	0	0	0	0	0
*	3p	-	66	2268	1261	1055	2235	6819	1	1	1	6	1	0	0	0	1	0	0	0	0	0	0	0	0	0	0	0	0
*	3p	-	67	2200	1317	1083	2127	6727	0	2	6	3	0	1	0	0	0	2	0	1	0	0	0	0	0	0	0	0	0
*	3p	-	68	2315	1211	1017	2078	6621	0	3	5	3	0	0	0	0	3	0	0	1	0	0	0	0	0	0	0	0	0
*	3p	-	69	2119	1233	1004	2132	6488	3	3	4	5	0	2	1	0	3	4	3	1	0	0	0	0	0	0	0	0	0
*	3p	-	70	2087	1183	907	2199	6376	2	3	3	4	1	0	1	0	1	2	0	1	0	0	0	0	0	0	0	0	0
*	5p	+	1	4003	1453	1823	1601	8880	1	2	12	8	2	3	1	0	1	3	1	3	0	0	0	0	0	0	0	0	1
*	5p	+	2	2805	1032	1668	3374	8879	3	7	14	11	0	5	1	3	5	1	0	0	0	0	0	0	0	1	0	0	0
*	5p	+	3	3115	1351	1368	3046	8880	1	3	21	13	0	2	0	2	3	4	1	3	0	0	0	0	0	0	0	0	0
*	5p	+	4	2945	1450	1555	2927	8877	2	1	3	9	0	2	2	2	2	5	0	3	1	1	0	0	0	0	0	0	0
*	5p	+	5	3004	1286	1593	2994	8877	3	5	8	13	0	0	0	1	2	0	0	8	0	0	0	0	1	1	0	0	0
*	5p	+	6	3068	1253	1528	3030	8879	3	3	6	4	3	2	0	1	2	3	0	4	0	0	0	0	0	1	0	0	0
*	5p	+	7	2998	1294	1662	2925	8879	0	4	7	4	1	3	1	1	1	3	1	1	1	0	0	0	1	0	0	0	0
*	5p	+	8	2719	1424	1506	3231	8880	1	4	2	11	1	2	0	2	3	4	0	2	0	2	0	0	0	0	0	0	0
*	5p	+	9	2741	1365	1560	3213	8879	1	6	0	9	0	1	0	1	1	4	0	2	1	2	0	0	1	0	0	0	0
*	5p	+	10	2871	1359	1703	2947	8880	1	2	5	9	2	0	0	0	1	1	0	1	1	0	0	0	0	0	0	0	0
*	5p	+	11	3001	1362	1594	2923	8880	2	0	4	10	5	1	0	1	4	3	1	6	0	0	0	0	0	0	0	0	0
*	5p	+	12	3075	1285	1599	2921	8880	0	3	6	13	0	1	1	4	1	1	0	4	0	0	0	0	0	0	0	0	0
*	5p	+	13	2780	1448	1735	2917	8880	3	1	1	15	3	1	2	1	2	1	0	1	0	0	0	0	0	0	0	0	0
*	5p	+	14	2885	1449	1627	2919	8880	6	2	1	13	0	1	1	0	1	1	1	0	0	0	0	0	0	0	0	0	0
*	5p	+	15	2979	1304	1616	2972	8871	3	0	2	18	1	0	0	5	2	2	0	0	0	0	0	0	1	1	1	0	0
*	5p	+	16	3001	1288	1702	2888	8879	3	7	2	15	1	0	0	4	0	0	0	1	0	1	0	0	0	1	0	0	0
*	5p	+	17	2971	1406	1627	2876	8880	5	1	1	15	0	0	0	10	1	0	1	1	0	0	0	0	0	0	0	0	0
*	5p	+	18	2990	1373	1609	2908	8880	4	4	2	9	0	3	0	0	4	5	0	2	0	0	0	0	0	0	0	0	0
*	5p	+	19	2831	1422	1707	2920	8880	10	0	4	14	1	1	0	10	2	4	0	0	0	2	0	0	0	0	0	0	0
*	5p	+	20	2878	1448	1583	2971	8880	3	3	3	15	2	1	0	12	3	3	0	2	0	0	0	0	0	0	0	0	0
*	5p	+	21	3107	1455	1566	2752	8880	10	5	3	14	1	0	0	2	0	1	1	1	2	0	0	0	0	0	0	0	0
*	5p	+	22	2998	1399	1738	2744	8879	12	1	2	9	5	1	0	1	1	1	0	3	0	0	0	0	0	1	0	0	0
*	5p	+	23	3015	1376	1654	2835	8880	4	2	5	11	2	1	2	3	2	0	0	4	0	0	0	0	0	0	0	0	0
*	5p	+	24	2933	1310	1694	2943	8880	3	1	3	7	2	3	0	3	0	1	0	2	0	0	0	0	0	0	0	0	0
*	5p	+	25	2915	1425	1769	2770	8879	4	5	7	8	1	4	1	4	3	4	0	1	0	0	0	0	1	0	0	0	0
*	5p	+	26	2890	1376	1743	2852	8861	3	5	6	8	1	2	1	3	1	0	1	3	0	2	0	0	3	0	0	0	0
*	5p	+	27	2928	1255	1693	2979	8855	7	1	8	10	1	0	1	3	0	2	1	0	0	0	0	1	2	0	0	0	0
*	5p	+	28	2913	1443	1602	2892	8850	3	3	4	15	1	5	0	2	2	0	0	2	0	0	0	0	0	0	0	0	0
*	5p	+	29	2890	1471	1661	2821	8843	4	1	5	10	4	1	1	0	5	0	1	2	0	0	0	0	0	0	0	0	0
*	5p	+	30	2885	1423	1679	2854	8841	2	5	5	7	4	0	1	1	4	1	1	2	1	0	0	0	0	0	0	0	0
*	5p	+	31	2803	1434	1775	2819	8831	3	3	5	15	0	2	0	0	0	2	0	6	1	0	0	0	0	2	0	0	0
*	5p	+	32	2989	1312	1670	2852	8823	0	4	1	9	1	2	0	0	4	1	0	0	0	0	0	0	2	0	0	0	0
*	5p	+	33	2899	1375	1707	2837	8818	0	2	4	12	0	3	0	1	1	1	1	1	0	0	0	0	2	0	0	0	0
*	5p	+	34	2921	1344	1747	2802	8814	2	2	6	11	0	2	0	0	5	3	0	1	0	0	0	0	0	1	0	0	0
*	5p	+	35	2982	1293	1703	2824	8802	2	2	2	16	3	1	0	1	3	0	1	1	0	0	0	0	0	0	0	0	0
*	5p	+	36	3042	1307	1766	2678	8793	4	4	6	10	0	4	0	0	2	1	0	2	1	0	0	0	0	0	0	0	0
*	5p	+	37	2885	1378	1821	2694	8778	1	4	4	12	0	1	0	0	5	3	2	2	0	1	0	0	0	0	0	2	0
*	5p	+	38	2942	1344	1692	2780	8758	4	1	10	18	0	6	0	0	0	8	3	1	0	1	0	0	1	0	0	0	0
*	5p	+	39	2879	1414	1675	2770	8738	1	1	7	10	2	3	0	0	4	3	1	1	1	0	0	0	0	2	0	0	0
*	5p	+	40	2827	1276	1805	2818	8726	0	3	7	6	0	2	0	1	4	4	0	3	0	0	0	0	0	0	0	0	0
*	5p	+	41	2963	1332	1662	2744	8701	4	5	6	10	2	2	1	1	3	6	0	3	0	1	0	0	0	0	0	0	0
*	5p	+	42	2946	1313	1629	2780	8668	0	6	2	16	1	1	2	1	1	5	1	1	0	0	0	0	0	0	0	0	0
*	5p	+	43	2793	1406	1669	2762	8630	0	2	3	10	0	3	0	4	0	6	0	8	0	0	0	0	0	0	0	0	0
*	5p	+	44	2839	1320	1599	2834	8592	3	1	8	15	3	3	2	3	3	9	0	2	0	0	0	0	0	0	0	0	0
*	5p	+	45	2840	1416	1605	2697	8558	1	2	4	12	1	0	1	0	4	5	0	2	0	1	0	0	0	0	0	0	0
*	5p	+	46	2826	1307	1648	2740	8521	5	1	1	27	1	2	1	1	2	10	0	4	0	3	0	0	0	2	0	0	0
*	5p	+	47	2672	1316	1743	2743	8474	4	1	2	14	1	3	0	5	1	10	0	1	0	0	0	1	0	0	0	0	0
*	5p	+	48	2825	1202	1772	2636	8435	1	4	5	12	4	8	0	0	1	9	0	4	1	0	0	0	2	0	0	0	0
*	5p	+	49	2719	1350	1713	2588	8370	2	4	4	9	0	0	1	3	3	6	0	4	0	1	0	0	0	0	0	0	0
*	5p	+	50	2635	1318	1624	2740	8317	2	2	8	14	3	9	1	3	1	11	0	1	2	0	0	0	0	0	0	0	0
*	5p	+	51	2644	1293	1721	2599	8257	6	2	2	12	1	3	0	0	0	11	1	4	0	1	2	0	1	1	0	0	0
*	5p	+	52	2673	1295	1636	2581	8185	4	1	2	14	2	4	0	3	0	10	1	2	0	0	0	0	0	0	0	0	0
*	5p	+	53	2647	1206	1618	2649	8120	4	2	1	19	1	6	0	3	4	14	0	1	0	0	0	0	2	0	0	0	0
*	5p	+	54	2521	1171	1732	2624	8048	4	5	5	21	3	11	0	3	1	10	1	6	0	1	0	0	0	0	0	0	0
*	5p	+	55	2551	1276	1696	2436	7959	3	2	5	12	2	5	0	5	2	11	3	4	0	1	0	0	2	2	0	0	0
*	5p	+	56	2569	1176	1561	2568	7874	7	6	4	17	6	5	1	3	3	17	0	5	0	0	1	0	2	1	0	0	0
*	5p	+	57	2583	1128	1650	2425	7786	6	10	3	11	4	5	2	7	2	9	2	3	2	1	0	0	1	0	0	0	0
*	5p	+	58	2459	1210	1641	2384	7694	0	6	1	9	1	7	0	2	2	12	2	5	0	1	0	0	1	1	0	0	0
*	5p	+	59	2608	1093	1432	2462	7595	1	7	2	10	1	11	1	6	4	18	3	1	0	0	0	0	1	1	0	0	0
*	5p	+	60	2506	1064	1480	2456	7506	8	0	3	18	1	16	0	4	6	13	1	3	0	0	0	0	1	1	0	0	0
*	5p	+	61	2509	1154	1389	2335	7387	8	4	5	12	0	4	4	5	5	15	3	7	0	0	0	0	3	0	0	0	0
*	5p	+	62	2390	1125	1349	2412	7276	9	6	1	16	4	8	2	9	0	29	1	4	2	0	0	2	1	0	1	0	0
*	5p	+	63	2376	1057	1306	2448	7187	2	5	1	10	4	5	2	2	6	20	2	5	0	3	0	0	1	0	0	0	0
*	5p	+	64	2393	1115	1311	2273	7092	6	4	7	14	9	12	0	6	1	18	2	1	0	0	0	0	4	0	0	0	0
*	5p	+	65	2318	1039	1313	2308	6978	9	5	6	18	1	13	4	0	5	27	0	7	1	0	0	0	1	4	0	0	0
*	5p	+	66	2274	1058	1322	2220	6874	14	4	1	12	4	18	4	2	7	28	0	4	2	0	0	0	4	0	0	0	0
*	5p	+	67	2103	1075	1361	2219	6758	8	5	2	15	6	16	3	3	1	23	0	4	2	1	1	0	2	1	0	1	0
*	5p	+	68	2169	1024	1246	2190	6629	5	4	3	19	2	8	3	4	3	14	3	5	0	0	1	0	1	2	0	0	0
*	5p	+	69	2142	1052	1272	2046	6512	7	8	2	14	2	15	1	3	5	14	3	3	0	0	0	0	0	0	2	0	0
*	5p	+	70	2138	1031	1223	2041	6433	9	4	3	18	6	8	3	2	4	18	0	2	0	2	0	0	2	0	0	1	0
*	5p	-	1	4008	1921	1438	1588	8955	6	9	13	1	1	2	0	0	1	8	2	3	0	0	0	0	0	0	0	0	0
*	5p	-	2	2807	1493	1470	3185	8955	4	2	12	10	2	5	1	0	0	8	2	0	0	0	0	0	0	0	0	0	0
*	5p	-	3	3073	1616	1181	3085	8955	7	8	8	11	6	9	1	0	2	5	0	3	0	0	0	0	0	0	0	0	0
*	5p	-	4	2941	1545	1207	3259	8952	4	4	8	14	3	4	1	1	4	5	0	3	0	0	0	0	1	0	0	0	0
*	5p	-	5	2964	1583	1280	3127	8954	1	6	6	8	0	3	2	0	4	4	0	2	0	0	0	1	0	1	0	0	0
*	5p	-	6	2924	1608	1253	3170	8955	1	2	6	9	2	2	0	0	0	0	1	0	0	1	0	0	0	0	0	0	0
*	5p	-	7	2996	1621	1345	2993	8955	0	3	16	4	2	0	0	0	0	2	0	1	0	0	1	0	0	0	0	0	0
*	5p	-	8	2751	1669	1153	3380	8953	0	1	8	8	1	4	0	3	1	2	0	3	0	0	0	0	2	0	0	0	0
*	5p	-	9	2762	1657	1249	3287	8955	0	3	8	5	1	3	0	0	0	0	0	2	0	0	0	0	0	0	0	0	0
*	5p	-	10	2904	1764	1323	2964	8955	4	5	12	2	2	4	0	0	0	5	0	2	0	1	0	0	0	0	0	0	0
*	5p	-	11	3003	1805	1237	2910	8955	5	1	8	4	0	2	1	0	2	1	1	0	0	0	0	1	0	0	0	0	0
*	5p	-	12	2917	1669	1347	3022	8955	1	2	8	13	1	1	0	1	1	1	1	0	2	0	0	1	0	0	0	0	0
*	5p	-	13	2952	1782	1313	2907	8954	1	8	7	9	0	3	1	1	0	2	0	3	0	0	0	0	0	1	0	0	0
*	5p	-	14	2979	1778	1223	2974	8954	0	8	6	11	0	0	0	0	4	4	0	5	1	0	0	0	0	0	0	1	0
*	5p	-	15	2909	1744	1261	3029	8943	0	4	5	5	1	0	1	1	2	0	0	1	0	0	0	0	1	2	0	1	0
*	5p	-	16	3037	1624	1324	2969	8954	0	1	4	3	0	2	0	0	0	3	0	1	0	0	0	0	0	0	1	0	0
*	5p	-	17	2777	1769	1439	2970	8955	4	3	4	7	1	2	0	0	1	0	0	1	1	0	0	0	0	0	0	0	0
*	5p	-	18	2942	1729	1340	2943	8954	0	4	6	8	1	2	1	1	2	1	0	3	0	0	0	0	0	1	0	0	0
*	5p	-	19	2845	1723	1402	2984	8954	4	6	6	9	2	1	0	1	1	1	0	2	0	1	0	0	0	1	0	0	0
*	5p	-	20	2883	1680	1365	3027	8955	4	6	3	9	0	1	1	1	1	2	0	2	0	0	0	0	0	0	0	0	0
*	5p	-	21	2969	1730	1331	2925	8955	0	4	2	14	0	0	1	0	1	0	0	1	0	0	0	0	0	0	0	0	0
*	5p	-	22	2819	1789	1394	2953	8955	0	2	4	11	0	2	0	1	2	0	0	1	1	0	0	0	0	0	0	0	0
*	5p	-	23	2865	1813	1343	2933	8954	1	5	6	5	0	1	0	0	0	2	1	2	0	0	0	0	0	0	1	0	0
*	5p	-	24	3044	1654	1260	2997	8955	5	4	15	6	1	1	0	0	3	1	0	4	0	0	0	0	0	0	0	0	0
*	5p	-	25	2964	1787	1338	2865	8954	3	7	15	4	2	1	1	1	2	2	1	4	0	0	0	0	1	0	0	0	0
*	5p	-	26	2879	1820	1381	2861	8941	1	7	7	9	2	1	2	0	2	3	0	4	0	0	0	0	0	1	0	0	0
*	5p	-	27	3021	1697	1379	2831	8928	2	0	10	5	0	0	0	0	2	1	0	3	1	0	0	0	0	2	0	0	0
*	5p	-	28	2822	1867	1352	2878	8919	2	6	3	7	3	2	1	2	1	1	0	6	0	0	0	0	0	0	0	0	0
*	5p	-	29	2890	1762	1349	2913	8914	1	3	7	14	3	0	0	0	3	0	1	1	0	0	0	0	0	0	0	0	0
*	5p	-	30	2834	1794	1342	2936	8906	3	2	4	15	2	3	2	0	3	3	1	2	0	0	0	1	0	0	0	0	0
*	5p	-	31	2829	1826	1392	2856	8903	3	4	6	13	5	1	0	0	1	0	0	3	0	0	0	0	0	0	0	0	0
*	5p	-	32	2884	1728	1398	2884	8894	1	1	7	2	1	0	2	0	2	2	2	4	0	0	0	0	0	0	0	0	0
*	5p	-	33	2915	1749	1366	2858	8888	1	5	4	12	1	2	2	0	0	1	2	4	0	0	0	0	0	0	0	0	0
*	5p	-	34	2874	1774	1376	2859	8883	0	3	4	14	0	1	0	1	3	0	1	2	0	0	0	0	0	0	0	0	0
*	5p	-	35	2864	1764	1411	2835	8874	7	2	9	9	3	0	0	2	2	0	0	6	0	0	0	0	0	0	0	0	0
*	5p	-	36	2867	1769	1321	2909	8866	6	3	3	9	0	0	1	0	1	3	1	0	0	0	0	0	0	0	0	0	0
*	5p	-	37	2929	1736	1502	2686	8853	0	8	7	11	0	0	2	0	1	3	0	3	0	0	0	0	0	0	0	0	0
*	5p	-	38	2823	1716	1384	2915	8838	1	7	7	13	2	0	1	0	1	1	1	4	0	0	0	0	0	0	0	0	0
*	5p	-	39	2796	1714	1426	2876	8812	4	6	9	12	3	1	0	0	1	4	0	7	0	2	0	0	0	0	0	0	0
*	5p	-	40	2752	1798	1384	2850	8784	5	7	9	15	1	0	1	0	3	4	0	8	1	0	0	0	0	0	0	0	0
*	5p	-	41	2785	1817	1267	2890	8759	7	1	4	12	1	0	0	1	1	2	0	4	0	1	0	0	0	2	0	0	0
*	5p	-	42	2806	1633	1482	2814	8735	7	3	8	13	2	1	1	1	4	3	1	5	0	0	0	0	0	2	1	0	0
*	5p	-	43	2720	1733	1420	2839	8712	1	2	1	10	0	2	0	0	2	6	1	3	0	0	0	1	1	0	0	0	0
*	5p	-	44	2743	1824	1282	2834	8683	6	9	8	20	2	3	2	3	1	7	1	4	1	0	0	0	1	0	0	0	0
*	5p	-	45	2767	1680	1311	2884	8642	4	11	6	10	1	4	0	2	4	8	2	3	0	0	0	0	0	0	0	0	0
*	5p	-	46	2707	1665	1418	2806	8596	6	6	4	8	1	2	0	0	1	7	0	8	0	2	0	0	1	1	0	0	0
*	5p	-	47	2785	1670	1302	2783	8540	2	2	1	11	2	5	0	2	3	6	5	9	0	1	0	0	0	3	0	0	0
*	5p	-	48	2780	1653	1287	2770	8490	3	2	5	11	6	5	1	2	2	7	0	1	0	2	0	0	0	0	0	0	0
*	5p	-	49	2626	1742	1386	2672	8426	3	7	1	6	2	5	1	1	6	6	1	3	0	3	0	0	1	0	0	0	0
*	5p	-	50	2713	1654	1290	2706	8363	2	2	8	20	0	2	0	0	3	6	0	3	1	0	0	0	3	1	0	0	0
*	5p	-	51	2663	1613	1359	2656	8291	9	1	2	10	4	6	2	2	5	11	0	4	1	0	0	0	0	2	0	0	0
*	5p	-	52	2642	1660	1262	2643	8207	2	11	6	16	2	9	1	3	10	10	1	2	0	0	0	0	0	1	0	1	0
*	5p	-	53	2563	1696	1269	2608	8136	4	7	8	12	0	6	0	3	4	16	1	5	1	1	0	0	2	2	0	0	0
*	5p	-	54	2686	1507	1244	2619	8056	7	1	1	15	3	1	0	0	3	5	1	3	0	1	0	0	0	4	0	0	0
*	5p	-	55	2450	1559	1236	2720	7965	5	2	2	13	4	7	2	2	6	21	0	0	0	0	0	0	0	0	0	0	0
*	5p	-	56	2475	1551	1213	2640	7879	1	9	2	12	2	5	1	2	1	16	3	3	1	1	0	0	0	0	0	0	0
*	5p	-	57	2560	1485	1216	2520	7781	7	3	5	11	0	12	0	0	3	17	0	4	0	0	0	0	2	1	0	0	0
*	5p	-	58	2537	1376	1248	2525	7686	7	4	8	15	3	9	2	2	0	22	1	7	0	7	0	0	1	1	1	0	0
*	5p	-	59	2544	1499	1086	2447	7576	3	2	4	21	1	10	1	5	5	23	2	4	0	0	0	0	2	5	2	0	0
*	5p	-	60	2463	1474	1116	2433	7486	8	2	4	18	3	10	0	3	4	27	0	10	0	0	0	1	3	3	0	0	0
*	5p	-	61	2398	1427	1178	2376	7379	6	1	5	10	2	21	1	2	7	23	0	11	0	1	0	0	0	0	0	0	0
*	5p	-	62	2410	1366	1109	2388	7273	9	4	4	8	4	15	1	7	10	31	1	2	0	2	0	0	1	1	0	0	0
*	5p	-	63	2395	1366	1077	2332	7170	4	10	4	16	6	12	1	10	4	33	0	5	0	0	0	0	6	0	1	0	0
*	5p	-	64	2313	1376	1152	2216	7057	6	4	0	12	3	22	0	6	8	23	1	2	0	0	0	0	2	2	0	2	0
*	5p	-	65	2233	1337	1060	2316	6946	10	0	1	11	3	14	0	0	5	26	2	6	0	1	0	0	1	2	0	1	0
*	5p	-	66	2203	1349	1055	2211	6818	7	3	5	15	6	17	0	5	5	21	0	2	0	2	0	0	1	0	0	0	0
*	5p	-	67	2154	1359	1069	2141	6723	11	6	6	16	6	14	1	4	6	20	0	6	0	0	0	1	3	0	0	1	0
*	5p	-	68	2063	1276	1035	2243	6617	4	0	8	9	7	16	1	3	1	23	0	6	1	0	0	3	3	1	0	0	0
*	5p	-	69	2159	1247	977	2092	6475	4	6	3	14	8	6	0	7	1	18	0	3	1	0	0	2	2	1	0	3	0
*	5p	-	70	2111	1184	983	2094	6372	5	10	4	12	1	16	3	2	2	10	1	10	0	0	0	0	2	0	1	1	0
