# table produced by mapDamage version 2.0.1-10-g0a7fa27-dirty
# using mapped file - and 000_prefixes/Pi_nucl.fasta as reference file
# Chr: reference from sam/bam header, End: from which termini of DNA sequences, Std: strand of reads
Chr	End	Std	Pos	A	C	G	T	Total	G>A	C>T	A>G	T>C	A>C	A>T	C>G	C>A	T>G	T>A	G>C	G>T	A>-	T>-	C>-	G>-	->A	->T	->C	->G	S
*	3p	+	1	6181	12579	16426	14915	50101	137	74	74	206	34	36	50	112	67	113	33	41	0	0	0	0	0	0	0	0	27
*	3p	+	2	14305	14460	9715	11619	50099	125	36	58	168	33	36	34	76	43	78	29	32	0	0	0	0	0	0	0	0	25
*	3p	+	3	12636	11090	13554	12817	50097	95	53	55	185	17	26	35	41	30	44	20	46	0	0	0	0	0	0	0	0	25
*	3p	+	4	12293	11921	13537	12349	50100	70	42	61	192	26	23	24	34	26	34	22	30	1	0	0	0	0	1	0	0	25
*	3p	+	5	12456	12997	12675	11970	50098	61	53	61	148	25	19	20	27	40	30	25	29	0	0	0	1	1	0	0	2	25
*	3p	+	6	13052	12230	13118	11695	50095	71	39	67	175	20	23	16	23	33	24	11	14	2	1	0	0	4	1	1	1	25
*	3p	+	7	12549	13239	12541	11764	50093	64	53	74	189	25	11	28	17	15	25	11	22	2	0	1	4	2	3	1	3	25
*	3p	+	8	13565	11679	13911	10939	50094	78	34	76	172	16	19	23	13	27	25	8	23	1	7	2	1	6	0	1	2	24
*	3p	+	9	13508	12462	13284	10837	50091	74	29	54	177	20	15	18	17	26	28	16	21	2	5	2	3	4	3	0	5	23
*	3p	+	10	12384	13060	13518	11132	50094	55	39	70	185	15	18	19	21	14	25	6	25	0	3	3	4	2	3	0	2	20
*	3p	+	11	12067	13253	13397	11374	50091	48	46	64	168	24	14	10	23	22	20	8	16	1	2	2	1	5	1	2	2	20
*	3p	+	12	12111	13257	12917	11810	50095	62	33	61	160	21	18	17	16	24	22	16	13	1	2	6	1	4	0	2	1	20
*	3p	+	13	12035	13073	13504	11481	50093	53	46	75	129	11	18	20	14	17	20	16	13	5	4	2	6	1	2	2	2	19
*	3p	+	14	12263	13091	13345	11396	50095	63	43	79	154	14	6	28	19	19	20	19	20	3	1	4	5	1	1	2	2	18
*	3p	+	15	12081	13124	13048	11511	49764	55	38	69	178	14	9	15	10	29	29	12	18	1	4	1	3	5	2	1	2	17
*	3p	+	16	12464	12808	13284	11539	50095	50	43	55	175	16	12	23	21	25	21	8	15	3	8	2	6	1	2	1	1	17
*	3p	+	17	11957	13388	13331	11421	50097	37	44	83	160	23	17	19	13	22	36	13	13	0	7	4	4	1	1	1	0	16
*	3p	+	18	12214	13042	13219	11616	50091	46	52	73	163	19	18	21	11	26	26	11	20	1	3	1	7	2	1	1	4	16
*	3p	+	19	12211	13083	13360	11437	50091	47	44	70	153	18	17	14	18	20	23	14	25	1	8	7	3	2	1	3	3	15
*	3p	+	20	12090	13189	13286	11530	50095	48	45	85	140	26	21	10	12	33	19	15	23	8	4	5	4	1	1	2	3	14
*	3p	+	21	12038	13243	13141	11673	50095	64	43	84	144	22	10	9	16	21	24	14	23	1	3	4	3	2	2	0	0	11
*	3p	+	22	11944	13133	13295	11712	50084	45	46	64	162	13	12	18	13	24	21	13	22	1	1	4	2	1	1	2	2	11
*	3p	+	23	12261	13097	13213	11519	50090	53	38	75	142	17	12	12	17	24	26	10	23	2	2	3	5	0	5	0	2	8
*	3p	+	24	12135	13082	13075	11800	50092	55	39	62	160	17	15	13	15	11	22	10	19	2	2	8	2	1	1	2	1	8
*	3p	+	25	12220	12875	13348	11638	50081	44	33	70	148	24	13	16	19	16	16	9	23	4	4	3	3	1	1	3	1	8
*	3p	+	26	12113	13142	13232	11584	50071	47	53	58	138	13	20	10	18	14	16	11	25	1	3	4	6	2	2	4	1	8
*	3p	+	27	12177	13142	12949	11792	50060	36	36	60	132	15	12	11	13	15	9	11	18	1	4	6	4	2	2	5	2	8
*	3p	+	28	12090	12959	13300	11706	50055	65	43	66	152	9	15	8	15	19	16	9	23	2	2	4	3	2	0	2	1	8
*	3p	+	29	12195	12990	13105	11752	50042	49	44	61	147	18	20	18	11	37	18	19	21	2	4	1	6	0	3	4	0	8
*	3p	+	30	12178	13248	12909	11686	50021	49	37	68	137	17	9	9	19	23	16	10	21	5	1	3	1	2	1	3	2	8
*	3p	+	31	12017	13167	13105	11723	50012	45	50	59	138	16	15	6	23	23	15	10	26	3	6	3	1	4	1	1	1	8
*	3p	+	32	11957	13362	12937	11732	49988	40	45	70	146	13	17	9	14	14	16	10	19	2	0	3	2	4	2	4	0	7
*	3p	+	33	11864	13099	12997	12009	49969	45	33	72	127	8	16	12	6	24	14	10	25	3	5	2	1	2	2	1	2	7
*	3p	+	34	11925	13095	13056	11868	49944	39	51	77	162	14	14	5	10	23	16	8	16	2	2	4	2	3	2	2	0	7
*	3p	+	35	12074	13168	13078	11584	49904	46	42	58	124	20	15	9	14	16	15	9	27	4	5	1	2	1	0	3	1	7
*	3p	+	36	12092	13122	12844	11799	49857	41	41	69	139	14	19	9	14	20	10	8	21	1	4	1	2	0	4	0	1	7
*	3p	+	37	11858	13211	12928	11769	49766	41	45	67	131	14	12	12	14	20	19	7	22	1	3	1	2	1	2	2	2	6
*	3p	+	38	11967	13050	12871	11762	49650	40	36	62	124	16	16	15	17	15	18	12	14	0	6	2	0	3	1	2	1	5
*	3p	+	39	11921	13099	12708	11808	49536	38	44	65	133	10	12	8	11	19	13	5	20	2	2	3	0	2	3	4	0	5
*	3p	+	40	11809	12815	12839	11929	49392	51	44	58	112	24	12	9	13	19	20	14	26	2	3	1	3	1	2	0	1	5
*	3p	+	41	11793	13046	12657	11726	49222	42	41	64	113	21	22	8	11	25	20	10	19	4	3	3	0	1	0	0	0	5
*	3p	+	42	11847	13077	12460	11593	48977	35	45	69	149	16	17	7	13	19	22	9	26	1	1	2	7	1	1	1	1	5
*	3p	+	43	11522	12838	12550	11813	48723	39	51	70	114	16	8	2	14	19	19	10	25	3	0	8	3	3	1	1	1	4
*	3p	+	44	11650	12823	12378	11594	48445	39	57	57	124	13	11	8	12	20	18	11	19	5	6	4	2	3	2	2	0	4
*	3p	+	45	11607	12589	12204	11720	48120	49	42	55	135	19	18	5	14	16	18	15	24	2	1	5	4	3	1	2	3	4
*	3p	+	46	11570	12505	12271	11406	47752	47	43	60	138	23	11	7	5	15	17	9	20	9	0	4	0	2	2	0	1	4
*	3p	+	47	11295	12455	12230	11361	47341	37	43	60	126	18	5	9	8	8	22	10	18	2	3	4	2	1	2	1	3	4
*	3p	+	48	11203	12435	11861	11426	46925	39	44	57	116	12	12	14	24	9	22	14	26	3	1	1	3	1	1	4	3	4
*	3p	+	49	11286	12137	11875	11162	46460	34	36	63	123	12	11	6	13	10	15	13	16	0	4	3	0	1	4	1	2	4
*	3p	+	50	11047	12129	11611	11154	45941	26	45	58	106	12	10	6	9	8	24	11	15	1	2	1	1	5	2	0	3	3
*	3p	+	51	11055	11969	11441	10921	45386	32	45	61	111	15	13	8	12	11	23	10	17	4	2	2	1	2	2	1	3	3
*	3p	+	52	10797	11887	11400	10692	44776	30	49	46	130	5	10	8	6	18	13	11	29	1	3	1	3	2	0	1	2	3
*	3p	+	53	10589	11581	11179	10848	44197	31	46	51	108	12	8	8	8	20	16	6	21	5	1	4	2	1	1	0	1	2
*	3p	+	54	10663	11417	10934	10592	43606	32	40	63	99	8	14	7	11	16	17	7	20	2	1	0	3	3	0	0	1	1
*	3p	+	55	10404	11279	10962	10315	42960	35	40	60	91	12	10	4	15	15	10	9	12	4	2	1	1	1	2	1	0	1
*	3p	+	56	10332	11026	10717	10190	42265	39	40	54	120	16	12	9	14	11	17	12	17	1	5	0	3	1	0	1	2	1
*	3p	+	57	10124	10955	10305	10209	41593	34	49	42	83	16	12	5	13	17	13	10	24	1	3	0	2	2	3	1	1	1
*	3p	+	58	9889	10806	10327	9859	40881	31	34	35	94	20	11	5	18	18	13	9	14	2	1	2	1	0	2	1	1	1
*	3p	+	59	9660	10610	10168	9735	40173	33	24	45	76	8	14	6	9	11	11	5	16	1	3	1	1	0	1	0	1	1
*	3p	+	60	9609	10373	9899	9561	39442	31	37	50	88	9	12	9	13	13	9	8	17	1	1	0	5	2	2	1	1	1
*	3p	+	61	9340	10145	9769	9431	38685	31	32	47	84	10	13	9	9	11	14	8	28	5	3	2	2	0	3	0	1	1
*	3p	+	62	9225	10012	9478	9198	37913	26	36	48	84	11	11	11	8	11	12	7	15	3	4	0	1	0	0	0	2	1
*	3p	+	63	8932	9836	9303	9027	37098	25	38	36	83	10	11	9	9	17	21	5	20	1	3	2	1	4	1	0	2	1
*	3p	+	64	8694	9491	9250	8919	36354	30	35	51	70	7	13	3	11	11	15	6	15	1	4	3	1	2	3	0	0	1
*	3p	+	65	8743	9276	8866	8657	35542	31	40	39	67	9	3	3	10	12	9	2	23	0	0	0	1	1	3	0	1	1
*	3p	+	66	8447	9116	8629	8586	34778	25	24	28	75	9	13	7	9	13	12	6	13	2	0	2	1	1	4	2	2	0
*	3p	+	67	8204	8905	8576	8321	34006	29	32	47	77	11	3	4	9	7	11	6	10	1	3	0	0	2	0	1	2	0
*	3p	+	68	8019	8707	8341	8172	33239	23	33	30	70	5	12	8	5	7	12	7	17	0	0	1	1	1	1	1	0	0
*	3p	+	69	7914	8603	7999	7967	32483	25	32	28	54	21	9	5	3	16	9	9	19	0	2	0	2	0	0	0	0	0
*	3p	+	70	7700	8219	8073	7717	31709	37	25	22	66	7	12	3	7	7	14	4	13	0	5	3	1	3	1	2	1	0
*	3p	-	1	6231	12373	16505	14787	49896	138	65	90	188	32	30	49	102	71	116	40	46	0	0	0	0	0	0	0	0	27
*	3p	-	2	14296	14356	9794	11449	49895	111	64	76	164	36	25	32	83	37	82	24	27	0	0	0	0	0	0	1	0	26
*	3p	-	3	12504	11159	13574	12653	49890	121	55	61	182	23	23	37	41	28	60	13	44	0	0	0	0	1	1	1	1	26
*	3p	-	4	12404	11868	13450	12169	49891	92	44	59	164	22	24	27	36	26	31	17	27	0	0	2	1	1	1	0	3	23
*	3p	-	5	12351	12762	12712	12065	49890	64	59	65	184	30	20	20	26	29	27	22	25	2	0	1	0	3	2	2	0	22
*	3p	-	6	12831	12395	12999	11661	49886	70	46	67	136	27	13	20	18	29	30	13	23	1	4	1	2	2	4	1	3	21
*	3p	-	7	12546	12970	12476	11897	49889	68	43	56	217	13	16	24	17	30	29	14	13	1	7	5	0	5	2	0	1	20
*	3p	-	8	13520	11819	13714	10834	49887	63	43	73	166	16	19	16	29	21	14	10	27	1	3	5	1	4	2	2	2	19
*	3p	-	9	13681	12507	13100	10605	49893	75	31	92	188	17	18	15	23	26	19	8	19	3	2	5	2	1	1	1	1	18
*	3p	-	10	12561	12831	13420	11074	49886	62	44	69	174	21	12	16	24	22	26	10	26	4	3	3	3	3	2	0	2	17
*	3p	-	11	12024	13411	13119	11335	49889	48	32	65	152	15	14	20	20	29	23	15	27	6	6	2	3	5	1	0	2	17
*	3p	-	12	11746	13208	13152	11781	49887	42	33	54	143	18	19	19	23	22	19	11	18	5	6	2	1	2	2	3	2	16
*	3p	-	13	12152	12886	13413	11435	49886	55	29	65	163	15	11	20	14	27	21	13	26	2	2	3	5	4	1	3	0	16
*	3p	-	14	12011	13021	13460	11392	49884	65	40	69	170	24	18	13	14	22	16	17	22	2	4	2	1	0	4	2	3	15
*	3p	-	15	12052	13096	13091	11335	49574	56	45	65	147	14	18	14	14	20	25	13	22	1	0	3	2	3	0	0	2	14
*	3p	-	16	12230	13084	13201	11374	49889	52	42	67	138	23	11	7	12	22	19	8	15	7	2	4	0	0	2	2	2	14
*	3p	-	17	11997	12991	13486	11414	49888	67	34	76	178	22	9	10	13	23	23	15	16	3	3	2	6	0	3	1	1	14
*	3p	-	18	12067	13027	13194	11605	49893	45	30	57	173	24	15	7	15	24	26	19	15	3	1	1	2	0	3	0	1	14
*	3p	-	19	12157	12883	13228	11618	49886	58	40	69	186	21	12	20	14	35	25	8	18	2	2	4	1	1	0	3	3	14
*	3p	-	20	11965	13043	13378	11502	49888	46	37	64	170	15	12	16	18	19	17	13	34	2	3	5	0	2	0	1	4	14
*	3p	-	21	11896	13250	12919	11819	49884	51	34	61	164	18	13	17	10	27	20	13	26	2	6	2	5	3	1	1	1	13
*	3p	-	22	12106	12796	13304	11667	49873	48	45	60	165	15	12	9	16	21	21	6	16	3	5	3	4	1	1	4	2	13
*	3p	-	23	12201	12861	13269	11554	49885	55	36	65	140	15	8	12	11	20	15	11	27	2	5	3	3	4	2	2	0	13
*	3p	-	24	12171	13026	13055	11633	49885	55	38	56	160	10	12	12	14	21	28	9	24	1	6	0	3	2	1	1	1	12
*	3p	-	25	12299	12887	13114	11575	49875	48	45	55	152	21	9	4	16	22	25	16	26	1	7	3	5	2	2	0	2	12
*	3p	-	26	12382	12914	13118	11464	49878	47	45	56	160	14	16	7	10	13	26	10	22	1	7	2	3	1	1	1	0	12
*	3p	-	27	12197	13006	12954	11711	49868	39	40	58	140	12	8	6	14	22	21	7	11	0	3	5	1	0	2	1	1	12
*	3p	-	28	12133	12876	13004	11835	49848	48	43	71	144	9	18	10	13	21	17	6	19	1	5	3	2	0	0	3	1	12
*	3p	-	29	12153	13016	13142	11516	49827	48	56	69	148	17	21	14	15	33	20	10	25	0	3	2	1	3	2	2	2	12
*	3p	-	30	12098	13216	12756	11739	49809	45	55	72	140	12	4	7	11	18	18	8	17	5	3	2	7	2	0	1	4	11
*	3p	-	31	12020	12993	13137	11648	49798	45	39	53	150	24	13	11	15	17	21	8	19	5	1	2	3	3	2	0	2	11
*	3p	-	32	12078	13031	13106	11570	49785	43	55	73	127	9	7	12	13	18	16	6	19	1	0	4	6	0	1	3	1	11
*	3p	-	33	11856	13144	12790	11965	49755	43	46	71	145	24	11	5	6	13	16	10	20	3	4	1	0	1	0	2	4	10
*	3p	-	34	11964	13157	13030	11568	49719	32	37	67	133	22	18	11	20	16	22	8	16	4	1	1	0	1	3	2	1	10
*	3p	-	35	11844	13036	13043	11750	49673	36	54	75	124	18	12	8	14	16	14	9	18	1	4	1	4	4	2	2	2	10
*	3p	-	36	12173	13059	12646	11736	49614	38	48	57	152	10	15	12	10	15	16	8	20	3	2	0	2	2	2	4	2	9
*	3p	-	37	12105	12927	12763	11750	49545	43	37	73	122	26	19	8	11	20	24	11	18	2	1	5	0	0	2	1	2	9
*	3p	-	38	12106	12934	12790	11634	49464	35	43	83	121	22	10	9	6	19	20	8	22	6	1	5	1	0	0	1	1	8
*	3p	-	39	12003	12945	12525	11869	49342	49	37	79	114	8	9	11	14	20	20	11	21	5	2	5	2	2	0	1	0	8
*	3p	-	40	11977	12908	12644	11668	49197	40	51	58	157	4	11	6	16	19	19	8	15	1	3	5	0	1	2	1	1	8
*	3p	-	41	11758	12929	12734	11593	49014	43	42	67	130	10	14	10	9	19	16	10	17	1	2	1	0	1	1	1	1	8
*	3p	-	42	11666	12803	12414	11921	48804	41	43	55	121	13	16	5	12	24	23	14	21	3	2	2	3	3	2	1	2	8
*	3p	-	43	11790	12922	12430	11418	48560	27	40	54	146	19	13	9	14	16	12	8	16	1	2	2	1	2	3	2	2	8
*	3p	-	44	11565	12840	12543	11315	48263	31	35	55	126	13	21	6	14	18	12	6	24	1	6	0	2	5	1	1	1	8
*	3p	-	45	11656	12569	12198	11529	47952	46	45	62	133	17	22	11	13	16	14	16	27	3	2	1	3	2	2	0	1	7
*	3p	-	46	11539	12604	11995	11471	47609	48	48	72	119	21	19	9	13	17	17	7	14	1	0	3	1	2	1	2	0	7
*	3p	-	47	11396	12471	12074	11239	47180	39	33	65	111	16	11	14	18	13	12	7	22	0	3	3	1	6	1	1	2	7
*	3p	-	48	11414	12265	11864	11237	46780	28	39	48	98	12	13	3	12	14	10	7	21	2	2	1	0	2	3	1	1	7
*	3p	-	49	11206	12035	11890	11140	46271	38	39	49	111	17	13	8	11	15	15	9	17	2	2	0	4	5	0	1	3	5
*	3p	-	50	11030	12157	11611	10976	45774	36	41	69	96	21	14	6	16	21	18	1	14	4	1	1	1	0	1	0	3	5
*	3p	-	51	10719	11982	11468	10992	45161	46	46	57	111	15	13	4	10	18	15	8	15	1	4	2	3	2	1	3	0	5
*	3p	-	52	10736	11665	11310	10890	44601	34	45	57	121	14	14	10	10	11	20	7	22	3	0	4	2	3	0	2	1	4
*	3p	-	53	10485	11768	11124	10657	44034	42	38	57	111	9	7	7	10	13	17	3	14	6	1	6	2	3	4	1	2	4
*	3p	-	54	10428	11465	11057	10416	43366	37	53	55	103	17	15	11	15	9	11	9	19	5	6	4	3	3	1	5	2	4
*	3p	-	55	10326	11284	10795	10316	42721	32	41	53	107	9	11	9	17	15	15	0	17	2	4	2	1	2	4	1	1	4
*	3p	-	56	10059	11180	10603	10222	42064	33	33	48	105	9	10	12	5	17	6	7	16	0	2	3	7	0	0	1	1	3
*	3p	-	57	9948	10929	10295	10203	41375	35	31	47	102	16	11	5	15	12	6	8	14	2	5	1	1	2	0	0	0	2
*	3p	-	58	9917	10593	10227	9952	40689	30	31	53	106	5	10	2	9	10	15	4	21	0	2	0	5	0	1	2	2	1
*	3p	-	59	9784	10600	10039	9565	39988	33	44	44	100	16	9	5	12	16	13	6	14	1	1	1	2	3	2	3	1	1
*	3p	-	60	9481	10474	9721	9611	39287	35	42	46	77	6	10	7	7	12	8	4	10	2	1	0	0	1	2	2	3	1
*	3p	-	61	9435	10146	9688	9303	38572	41	39	46	84	9	10	7	8	15	13	7	16	2	1	2	2	1	2	2	1	1
*	3p	-	62	9226	9931	9652	9080	37889	32	34	43	79	19	9	8	9	9	16	8	14	1	0	0	4	0	2	1	0	1
*	3p	-	63	8902	9855	9321	9099	37177	34	35	47	77	13	14	5	14	13	14	5	16	2	2	1	0	1	2	1	0	0
*	3p	-	64	8884	9467	9155	8870	36376	27	21	38	79	9	11	5	9	9	16	7	17	1	0	2	0	2	3	1	2	0
*	3p	-	65	8495	9298	9163	8678	35634	26	40	40	66	12	7	8	11	17	13	9	13	0	3	1	0	1	1	1	1	0
*	3p	-	66	8240	9219	8749	8621	34829	19	30	39	70	9	12	3	7	10	9	5	17	1	1	2	3	1	1	0	2	0
*	3p	-	67	8122	8827	8617	8491	34057	20	26	30	74	5	8	6	15	11	12	6	17	3	2	2	4	2	1	1	0	0
*	3p	-	68	7980	8667	8476	8189	33312	23	30	34	65	12	11	4	7	10	9	7	18	1	3	2	5	0	0	0	0	0
*	3p	-	69	7715	8563	8109	8090	32477	28	33	33	66	5	11	10	11	16	9	11	18	2	2	1	2	1	0	0	1	0
*	3p	-	70	7616	8429	7974	7692	31711	36	30	41	59	8	7	14	9	10	9	10	13	2	3	1	1	1	2	2	1	0
*	5p	+	1	15927	17322	11077	5773	50099	59	67	114	50	22	18	12	24	25	23	20	22	0	0	0	0	0	0	0	0	21
*	5p	+	2	10842	9337	14965	14956	50100	45	76	91	77	13	16	14	18	28	14	8	30	1	0	2	1	0	1	0	0	17
*	5p	+	3	12805	14198	10545	12547	50095	35	65	55	82	21	14	15	14	17	26	13	16	2	1	1	3	0	0	0	2	14
*	5p	+	4	12506	13802	11587	12191	50086	38	57	58	105	22	15	15	18	13	15	12	16	1	2	3	1	0	4	0	3	13
*	5p	+	5	12145	12763	12836	12348	50092	47	65	43	102	10	14	6	19	6	19	10	26	3	4	0	3	1	2	1	3	13
*	5p	+	6	12030	13060	12060	12943	50093	30	48	57	104	16	16	3	11	18	24	6	25	1	0	1	2	3	3	0	2	13
*	5p	+	7	12442	12581	12775	12295	50093	43	48	78	97	14	21	3	14	16	22	7	21	5	3	5	2	4	2	3	1	13
*	5p	+	8	11160	13891	11606	13439	50096	46	56	50	105	15	13	6	20	18	15	10	27	5	3	2	2	0	1	3	3	13
*	5p	+	9	10809	13470	12444	13374	50097	28	47	67	122	12	14	4	11	7	10	7	22	1	1	0	2	4	0	2	0	13
*	5p	+	10	11377	13751	12603	12364	50095	36	37	84	120	14	12	4	19	14	13	8	27	3	3	3	1	3	2	2	1	13
*	5p	+	11	11691	13410	13066	11929	50096	32	34	82	126	17	22	16	11	23	18	6	27	5	5	2	3	1	4	2	0	13
*	5p	+	12	11966	13349	12998	11786	50099	44	45	82	129	22	17	13	11	18	7	10	27	3	5	2	3	1	1	2	0	13
*	5p	+	13	11807	13789	12631	11869	50096	28	47	68	130	18	15	4	11	19	15	8	22	1	2	0	3	2	2	2	0	13
*	5p	+	14	11634	13572	12656	12235	50097	36	43	76	142	13	16	8	9	10	7	5	22	4	1	2	1	3	1	2	0	12
*	5p	+	15	11771	13327	13004	11971	50073	39	35	63	115	14	8	10	8	16	20	9	19	3	3	1	0	1	0	1	2	12
*	5p	+	16	11725	13572	12662	12140	50099	32	47	79	121	13	18	10	9	19	20	12	18	1	5	3	0	1	0	2	1	12
*	5p	+	17	11765	13579	12910	11844	50098	46	53	73	114	9	13	11	9	10	18	7	16	1	3	6	2	2	1	2	0	12
*	5p	+	18	11739	13577	12887	11894	50097	24	40	70	124	19	12	9	8	16	30	5	28	0	4	4	2	0	4	2	0	12
*	5p	+	19	11777	13607	12821	11890	50095	33	47	79	133	18	9	10	14	16	13	7	19	1	3	0	0	4	1	0	3	12
*	5p	+	20	11810	13594	12902	11789	50095	44	48	80	113	18	14	9	12	17	20	6	17	0	3	2	1	2	3	1	2	12
*	5p	+	21	12049	13253	13031	11763	50096	32	55	76	110	19	11	16	15	16	18	5	16	3	1	4	3	1	3	2	1	12
*	5p	+	22	12120	13494	12605	11878	50097	27	34	77	123	28	10	4	8	14	25	9	21	2	4	4	2	1	0	4	1	12
*	5p	+	23	11746	13411	13021	11915	50093	38	42	67	124	15	12	12	13	11	13	5	22	5	4	4	2	4	1	1	2	12
*	5p	+	24	11864	13408	13074	11745	50091	34	31	58	130	14	15	10	10	25	20	18	19	3	5	2	2	2	2	4	1	12
*	5p	+	25	11930	13405	12615	12142	50092	34	44	67	128	12	12	6	16	18	15	10	23	2	1	2	3	3	0	1	1	12
*	5p	+	26	11871	13477	12802	11928	50078	40	55	76	131	10	19	13	16	18	12	12	18	4	2	3	1	1	2	1	0	12
*	5p	+	27	11867	13198	12926	12075	50066	42	37	68	144	20	11	7	18	17	27	14	24	5	5	3	2	2	1	1	1	11
*	5p	+	28	12028	13330	12720	11972	50050	32	34	62	125	18	11	12	21	12	30	14	20	3	3	5	5	5	1	2	2	10
*	5p	+	29	11841	13432	12806	11965	50044	34	41	60	136	21	15	11	17	18	10	11	30	6	2	1	2	1	1	2	2	10
*	5p	+	30	12027	13154	13085	11763	50029	42	49	69	120	10	18	13	12	25	16	15	24	1	1	0	2	3	1	1	1	9
*	5p	+	31	11995	13161	12931	11923	50010	38	56	78	117	12	14	7	10	21	23	8	17	2	2	0	1	3	3	4	0	9
*	5p	+	32	11884	13185	13053	11870	49992	40	42	65	120	18	14	9	16	22	21	19	24	3	4	1	1	1	2	1	3	9
*	5p	+	33	11991	13170	13076	11733	49970	42	48	66	123	18	17	13	14	16	11	14	35	2	4	3	1	1	3	1	0	9
*	5p	+	34	11955	13353	12807	11830	49945	46	32	56	117	20	21	18	10	22	8	10	25	2	3	2	2	3	1	1	2	8
*	5p	+	35	11977	13403	12930	11587	49897	45	34	63	125	16	9	12	7	19	18	10	16	2	2	5	6	4	4	1	3	8
*	5p	+	36	11919	13200	13071	11669	49859	46	45	78	111	14	14	8	11	14	16	19	26	2	5	1	0	1	2	0	2	7
*	5p	+	37	12100	13164	12792	11708	49764	44	40	76	135	26	15	10	16	19	10	10	24	0	6	1	1	1	3	1	4	7
*	5p	+	38	12077	13035	12880	11657	49649	54	53	67	133	10	10	16	13	17	14	13	20	3	2	2	0	0	4	1	3	7
*	5p	+	39	12052	12943	12857	11684	49536	44	42	67	117	13	10	8	13	19	19	8	31	1	1	3	1	3	2	2	1	7
*	5p	+	40	11936	12907	12875	11672	49390	37	50	65	127	14	13	10	17	20	18	8	14	2	3	0	3	2	1	3	0	7
*	5p	+	41	11904	12911	12907	11496	49218	56	44	51	109	19	12	10	8	13	13	10	13	0	1	4	3	0	3	3	0	6
*	5p	+	42	11959	12726	12746	11542	48973	46	33	51	126	10	8	9	22	21	17	10	19	2	5	2	2	1	3	2	0	6
*	5p	+	43	11888	12645	12561	11628	48722	44	42	57	157	17	14	7	11	21	12	15	19	2	2	2	3	1	3	2	1	6
*	5p	+	44	11705	12777	12674	11286	48442	36	49	74	149	8	14	10	13	22	19	8	24	2	2	2	3	3	3	2	2	6
*	5p	+	45	11751	12321	12707	11345	48124	50	36	60	160	18	12	12	12	19	13	12	18	1	1	4	3	2	1	1	1	6
*	5p	+	46	11422	12485	12199	11640	47746	55	46	45	133	20	25	13	15	19	25	9	22	1	2	6	2	4	3	2	1	5
*	5p	+	47	11655	12286	12273	11121	47335	36	33	60	121	19	19	16	20	19	28	8	28	0	4	3	2	2	5	3	2	5
*	5p	+	48	11335	12223	12180	11193	46931	51	38	60	123	13	17	10	15	24	21	12	22	3	5	5	4	2	2	0	1	5
*	5p	+	49	11361	12032	12125	10946	46464	53	51	61	137	12	11	10	13	17	18	6	23	2	5	1	6	2	1	1	0	5
*	5p	+	50	11162	12063	11916	10807	45948	43	43	51	119	18	15	9	12	14	19	16	31	1	3	7	5	1	0	1	1	5
*	5p	+	51	11171	11695	11890	10635	45391	47	38	61	117	11	13	13	8	24	22	15	24	1	2	3	6	1	0	1	1	5
*	5p	+	52	11055	11595	11536	10595	44781	33	41	47	118	20	10	16	11	21	19	11	20	4	4	2	1	1	0	0	0	4
*	5p	+	53	10649	11484	11536	10524	44193	48	49	44	123	15	12	11	16	27	30	13	24	3	4	1	3	3	2	2	0	4
*	5p	+	54	10671	11088	11448	10400	43607	60	36	37	127	9	4	16	11	16	19	9	14	2	3	1	3	3	1	0	0	4
*	5p	+	55	10494	11047	11141	10280	42962	45	33	50	102	15	16	10	12	10	18	11	19	3	2	2	3	0	0	1	1	3
*	5p	+	56	10376	10861	11003	10026	42266	43	31	39	125	13	17	12	20	19	21	17	22	2	2	2	2	1	0	1	1	2
*	5p	+	57	10213	10489	10945	9950	41597	37	38	46	106	16	17	10	21	15	25	14	20	0	2	1	1	1	1	0	1	2
*	5p	+	58	10210	10432	10490	9755	40887	48	40	58	117	8	16	17	16	20	23	16	25	5	3	0	1	0	0	1	0	2
*	5p	+	59	9968	10273	10425	9505	40171	51	26	44	128	16	20	15	16	18	20	9	16	4	2	2	2	2	2	0	2	2
*	5p	+	60	9827	9928	10265	9426	39446	50	29	44	110	13	10	11	13	21	13	9	19	1	0	2	1	0	1	1	1	1
*	5p	+	61	9404	9933	10035	9310	38682	44	32	30	114	16	19	8	18	18	23	11	17	3	0	1	2	5	2	0	1	1
*	5p	+	62	9190	9687	9792	9245	37914	50	30	43	111	12	12	14	16	19	10	11	16	3	2	3	5	2	0	0	0	1
*	5p	+	63	9171	9452	9672	8807	37102	44	28	34	115	12	9	8	10	17	19	10	17	1	3	6	3	2	1	0	0	0
*	5p	+	64	8974	9151	9458	8770	36353	37	24	37	99	20	15	4	14	20	8	12	16	2	1	2	3	4	1	0	2	0
*	5p	+	65	8738	9138	9136	8527	35539	45	41	35	96	8	10	19	11	8	15	8	19	1	2	4	0	2	2	1	4	0
*	5p	+	66	8672	8736	9036	8340	34784	49	25	42	115	17	10	7	7	12	16	10	13	5	5	1	0	0	1	1	3	0
*	5p	+	67	8347	8622	8885	8153	34007	43	28	38	105	12	11	12	9	19	10	12	17	2	3	2	5	1	0	1	2	0
*	5p	+	68	8289	8426	8608	7914	33237	33	36	31	89	12	12	9	11	12	11	13	12	1	0	2	1	1	1	2	1	0
*	5p	+	69	7994	8155	8552	7735	32436	36	29	29	98	12	10	12	10	11	13	6	17	3	1	2	4	3	2	1	2	0
*	5p	+	70	7907	7964	8184	7656	31711	36	28	27	90	16	10	15	10	11	9	7	12	0	1	0	2	1	1	2	1	0
*	5p	-	1	15866	17239	11094	5694	49893	47	64	95	49	30	16	18	27	14	24	23	22	0	0	0	0	0	0	0	0	17
*	5p	-	2	11025	9409	14711	14748	49893	43	68	77	80	14	21	22	16	17	15	10	17	2	0	0	1	0	0	0	1	12
*	5p	-	3	12865	14080	10430	12516	49891	48	69	58	88	15	13	11	21	22	20	21	35	0	3	2	1	1	1	1	0	9
*	5p	-	4	12454	13598	11653	12182	49887	46	45	52	109	13	17	24	22	17	24	14	27	0	2	1	2	0	1	0	1	9
*	5p	-	5	11811	12789	12937	12355	49892	48	51	57	80	18	14	13	18	19	12	6	30	0	2	2	1	1	1	1	1	8
*	5p	-	6	11880	13179	12101	12731	49891	30	48	76	105	9	16	9	11	18	24	11	20	0	3	3	2	2	2	1	1	8
*	5p	-	7	12110	12813	12972	11993	49888	46	46	75	109	13	14	9	16	15	8	9	14	1	0	7	0	2	0	5	2	8
*	5p	-	8	11156	13914	11326	13495	49891	37	64	82	99	21	15	11	10	20	14	7	26	3	0	2	3	2	2	2	0	8
*	5p	-	9	10768	13205	12230	13687	49890	33	46	82	121	19	5	3	13	26	24	8	25	2	1	0	1	2	3	2	0	8
*	5p	-	10	11318	13767	12720	12086	49891	40	57	66	115	7	13	9	9	23	12	5	16	2	0	2	2	2	3	1	0	8
*	5p	-	11	11587	13425	13127	11750	49889	46	34	79	130	8	18	13	13	24	11	7	23	3	6	1	1	2	1	4	1	8
*	5p	-	12	11982	13197	12960	11752	49891	33	48	80	117	12	16	8	17	16	9	11	29	1	1	2	1	1	2	2	1	7
*	5p	-	13	11667	13746	12547	11928	49888	38	44	64	123	8	11	5	20	16	24	6	21	2	4	0	1	1	4	3	1	7
*	5p	-	14	11419	13706	12875	11890	49890	34	57	71	109	9	17	8	17	14	15	5	24	6	2	1	4	3	1	1	2	7
*	5p	-	15	11799	13279	12765	12019	49862	21	43	66	116	7	11	10	18	19	10	9	22	1	6	3	3	0	1	2	2	6
*	5p	-	16	11679	13694	12658	11863	49894	29	44	62	120	15	15	7	10	23	9	10	21	4	1	4	4	1	1	0	1	5
*	5p	-	17	11672	13519	12965	11736	49892	38	48	68	102	18	20	6	10	11	9	7	21	5	0	2	2	4	1	0	0	5
*	5p	-	18	11762	13416	12692	12018	49888	30	41	78	109	12	17	10	9	19	15	5	16	2	4	4	1	1	2	4	2	5
*	5p	-	19	11673	13534	12893	11786	49886	36	46	63	119	17	13	7	12	19	13	12	19	1	2	2	0	2	1	4	4	5
*	5p	-	20	11554	13492	13024	11822	49892	40	36	60	123	12	11	11	9	18	11	8	19	2	2	1	1	2	0	0	3	5
*	5p	-	21	12049	13035	12913	11891	49888	40	45	75	120	14	15	7	18	21	18	12	26	3	4	3	2	3	1	4	1	5
*	5p	-	22	11691	13253	13005	11937	49886	43	43	64	108	17	10	10	11	28	14	8	23	6	7	4	2	2	2	3	3	5
*	5p	-	23	11697	13535	12924	11730	49886	31	42	71	118	20	18	8	15	16	15	5	18	1	2	5	0	3	1	2	3	4
*	5p	-	24	11948	13248	12795	11898	49889	41	47	57	139	16	15	8	18	22	15	7	15	1	1	1	4	2	2	0	2	3
*	5p	-	25	11842	13336	12661	12050	49889	35	40	52	109	14	16	9	13	17	14	16	14	4	2	3	2	0	2	2	1	3
*	5p	-	26	11711	13403	12859	11900	49873	36	52	69	116	22	15	12	15	18	10	11	32	1	1	2	0	2	3	3	3	3
*	5p	-	27	11855	13158	12831	12020	49864	34	49	76	144	18	20	14	14	13	16	8	24	2	5	2	1	3	0	3	3	3
*	5p	-	28	11941	13145	12840	11919	49845	58	41	70	117	14	15	14	14	17	18	11	23	4	3	5	3	3	2	2	0	3
*	5p	-	29	11862	13352	12902	11716	49832	58	45	58	127	8	13	12	19	20	11	8	29	2	3	4	5	3	2	0	1	2
*	5p	-	30	11930	12976	12961	11953	49820	40	43	80	107	12	15	10	14	15	20	14	18	2	3	1	2	3	0	2	1	2
*	5p	-	31	11889	13441	12675	11798	49803	31	35	66	134	18	13	9	15	18	14	4	25	0	0	1	4	2	0	2	0	2
*	5p	-	32	11939	13027	12944	11874	49784	48	48	66	123	16	18	10	19	29	18	12	23	3	2	1	2	4	1	1	0	2
*	5p	-	33	11949	13125	12998	11680	49752	48	50	62	111	20	12	5	13	11	14	17	14	0	1	1	3	2	2	4	2	2
*	5p	-	34	12094	13386	12621	11618	49719	63	53	80	141	22	14	7	12	22	15	10	22	2	0	6	2	1	4	2	1	2
*	5p	-	35	11836	13223	12978	11638	49675	40	42	73	145	12	18	10	15	19	17	13	19	1	1	1	3	1	4	1	2	1
*	5p	-	36	12031	13103	12955	11528	49617	41	41	66	105	18	18	9	10	18	23	7	25	2	5	1	2	3	2	1	1	1
*	5p	-	37	12037	13213	12559	11730	49539	42	45	70	131	13	12	8	17	22	28	6	24	3	4	0	1	3	1	2	2	1
*	5p	-	38	11946	13033	12865	11615	49459	54	26	75	141	15	17	6	17	23	20	11	25	4	2	1	2	1	1	2	1	1
*	5p	-	39	11918	12610	13054	11760	49342	55	31	50	146	11	11	10	13	23	18	13	26	1	2	3	2	1	1	0	1	1
*	5p	-	40	11920	13003	12652	11622	49197	46	44	57	124	6	12	10	7	26	13	12	21	1	7	1	3	1	1	2	1	1
*	5p	-	41	11974	12760	12720	11562	49016	50	44	69	126	17	19	5	12	13	14	7	18	4	2	0	6	0	3	0	0	1
*	5p	-	42	11880	12731	12618	11572	48801	47	45	53	148	9	16	11	15	15	13	8	23	1	2	3	2	2	3	3	3	1
*	5p	-	43	11861	12636	12538	11528	48563	45	50	65	125	14	11	11	18	21	15	13	18	2	4	1	0	2	1	2	2	1
*	5p	-	44	11798	12465	12685	11310	48258	50	37	57	146	15	12	16	18	24	29	7	27	1	4	4	1	3	3	4	3	1
*	5p	-	45	11791	12284	12505	11367	47947	63	43	52	107	22	18	13	20	17	16	13	22	1	5	3	4	4	1	4	1	1
*	5p	-	46	11693	12495	12221	11198	47607	58	37	52	112	20	14	15	16	13	17	11	20	2	0	3	1	2	1	2	2	0
*	5p	-	47	11519	12189	12392	11087	47187	45	33	60	136	24	16	15	18	18	13	11	14	2	2	3	1	1	2	0	1	0
*	5p	-	48	11568	11831	12127	11256	46782	45	31	42	128	14	16	12	15	19	15	14	22	3	1	2	2	2	1	1	1	0
*	5p	-	49	11293	11924	11865	11192	46274	53	23	45	150	10	13	8	16	21	19	11	25	2	3	1	1	1	2	2	1	0
*	5p	-	50	11111	11812	12190	10655	45768	46	39	62	125	8	12	11	11	21	16	7	16	4	2	1	1	2	4	1	2	0
*	5p	-	51	11276	11338	11862	10684	45160	45	44	62	114	18	14	7	7	17	14	11	22	4	3	5	1	2	0	3	6	0
*	5p	-	52	11088	11566	11555	10388	44597	49	30	51	126	20	12	9	18	16	15	8	12	5	3	3	1	3	2	3	2	0
*	5p	-	53	10623	11348	11641	10423	44035	50	36	47	143	12	13	6	12	13	19	5	21	3	2	2	7	3	2	2	2	0
*	5p	-	54	10732	11121	11225	10297	43375	49	36	56	131	17	11	13	14	14	17	11	13	1	3	3	4	0	2	2	0	0
*	5p	-	55	10499	10956	11103	10169	42727	52	27	63	130	16	15	5	4	16	14	8	15	2	2	1	3	1	1	0	1	0
*	5p	-	56	10216	10768	11033	10047	42064	49	34	44	107	13	7	12	12	17	16	11	30	2	4	4	4	1	0	0	1	0
*	5p	-	57	10352	10359	10744	9917	41372	39	37	45	127	24	9	9	10	18	14	14	12	3	2	1	1	2	2	1	2	0
*	5p	-	58	9918	10555	10454	9763	40690	48	33	43	106	17	19	10	13	21	25	14	21	1	3	2	3	0	1	1	2	0
*	5p	-	59	9853	10121	10441	9579	39994	42	27	33	111	13	15	11	6	17	14	10	20	2	2	4	2	0	2	1	0	0
*	5p	-	60	9684	10029	10204	9372	39289	38	30	55	103	14	15	17	13	19	17	9	25	4	1	4	1	4	1	0	1	0
*	5p	-	61	9474	9809	10107	9186	38576	38	23	48	98	18	15	11	14	20	11	8	20	3	1	4	2	1	2	0	0	0
*	5p	-	62	9329	9615	9895	9048	37887	40	36	28	128	14	9	16	12	20	20	11	15	4	4	2	2	0	2	2	2	0
*	5p	-	63	9315	9256	9741	8864	37176	32	28	40	108	12	13	5	16	18	14	8	20	1	3	0	2	3	0	0	3	0
*	5p	-	64	8860	9575	9245	8701	36381	34	32	51	118	14	12	10	16	10	16	10	15	0	2	2	1	1	0	0	1	0
*	5p	-	65	8787	9061	9246	8540	35634	46	28	45	90	7	10	11	12	13	21	8	9	4	3	3	3	1	0	1	2	0
*	5p	-	66	8791	8822	8931	8283	34827	48	32	28	92	24	19	11	17	15	17	8	16	6	0	0	4	3	2	0	1	0
*	5p	-	67	8546	8654	8679	8181	34060	41	31	41	115	18	9	14	14	19	24	6	19	0	3	1	2	0	0	0	1	0
*	5p	-	68	8221	8479	8645	7966	33311	28	31	42	91	5	10	6	11	14	19	11	14	3	5	4	1	0	0	0	1	0
*	5p	-	69	8123	8106	8444	7759	32432	45	37	35	85	10	10	7	6	26	17	6	11	0	3	2	0	1	1	1	0	0
*	5p	-	70	7805	8184	8095	7630	31714	31	18	30	110	10	11	12	18	16	20	5	13	3	0	1	3	0	1	1	1	0
